0.320318 1.2268e-38
0.232991 1.2268e-38
-0.473968 1.2268e-38
0.0703214 1.2268e-38
-0.0342497 1.2268e-38
0.339229 1.2268e-38
0.240824 1.2268e-38
0.359414 1.2268e-38
0.0548346 1.2268e-38
-0.289234 1.2268e-38
0.165673 1.2268e-38
-0.127795 1.2268e-38
-0.333757 1.2268e-38
-0.0271153 1.2268e-38
-0.0883926 1.2268e-38
0.196915 1.2268e-38
0.0657247 1.2268e-38
-0.159789 1.2268e-38
-0.0471555 1.2268e-38
-0.011245 1.2268e-38
0.148492 1.2268e-38
0.0793362 1.2268e-38
0.0800972 1.2268e-38
-0.437686 1.2268e-38
0.225032 1.2268e-38
-0.316538 1.2268e-38
-0.0547565 1.2268e-38
-0.230538 1.2268e-38
-0.102234 1.2268e-38
0.026936 1.2268e-38
0.0536202 1.2268e-38
0.0795801 1.2268e-38
-0.0140999 1.2268e-38
-0.192603 1.2268e-38
0.0830455 1.2268e-38
-0.30434 1.2268e-38
-0.219639 1.2268e-38
0.0211505 1.2268e-38
-0.0542709 1.2268e-38
-0.334453 1.2268e-38
-0.204293 1.2268e-38
-0.172396 1.2268e-38
0.149887 1.2268e-38
-0.0944581 1.2268e-38
0.17706 1.2268e-38
0.118487 1.2268e-38
-0.14525 1.2268e-38
0.294698 1.2268e-38
-0.0418288 1.2268e-38
0.124457 1.2268e-38
0.0703178 1.2268e-38
-0.659527 1.2268e-38
0.140629 1.2268e-38
0.094665 1.2268e-38
0.184832 1.2268e-38
0.153181 1.2268e-38
0.00699468 1.2268e-38
0.0409644 1.2268e-38
0.0789201 1.2268e-38
0.185122 1.2268e-38
0.35048 1.2268e-38
0.368287 1.2268e-38
0.123154 1.2268e-38
0.0273126 1.2268e-38
-0.110004 1.2268e-38
0.200747 4.24354
0.233376 12.3616
0.315569 17.5277
0.258819 21.2177
0.291982 22.3247
0.26933 23.0627
0.425423 23.6162
0.209345 24.1697
0.176453 24.3542
0.264849 25.0923
0.397097 25.6458
0.675825 25.8303
0.825505 26.0148
0.727758 26.1993
0.772227 26.7528
1.36184 27.1218
1.60706 27.8598
1.57799 28.5978
1.71478 31.5498
2.07073 36.1624
1.79408 39.4834
1.94329 42.4354
2.66373 46.31
2.53897 51.2915
2.51792 53.1365
3.01922 54.9815
2.953 57.0111
3.51732 60.1476
3.83074 68.2657
4.70489 69.1882
4.65873 70.4797
5.09347 71.2177
5.4386 72.5092
5.80136 74.9077
6.47409 77.1218
6.66961 78.2288
6.83784 79.7048
7.64795 80.8118
7.96587 82.2878
8.52293 83.3948
8.91028 84.5018
9.29608 85.2399
9.97689 85.7934
10.6576 86.9004
11.4196 88.1919
11.8392 88.7454
12.3159 89.4834
13.2488 90.2214
13.6783 90.7749
14.0261 91.8819
14.8719 92.6199
15.325 93.1734
15.9825 94.0959
16.9609 95.0184
17.3 95.941
18.2121 96.4945
18.2498 97.2325
19.6196 97.786
19.7494 98.7085
20.533 99.8155
21.9475 100
22.653 100
23.4394 100
24.1453 100
24.9144 100
26.0097 100
26.6201 100
27.0234 100
27.4782 100
28.4469 100
29.3128 100
29.7232 100
30.8823 100
31.1298 100
31.8435 100
32.6134 100
33.5222 100
34.226 100
34.6643 100
35.4812 100
35.8003 100
36.7859 100
37.5511 100
38.28 100
38.5698 100
39.9665 100
40.4125 99.8155
40.9605 99.262
41.2393 98.524
42.2329 97.9705
42.505 97.6015
43.6206 97.2325
44.4012 96.8635
44.7931 96.31
45.6007 96.1255
46.1587 95.7565
47.2947 95.572
47.3319 95.3875
48.0014 95.2029
48.8934 94.8339
49.3225 94.6494
49.9419 94.4649
50.6758 94.4649
51.4824 94.2804
51.6763 94.2804
52.3345 94.2804
53.6437 94.0959
54.309 94.0959
54.5095 94.0959
55.3902 94.0959
56.9735 94.0959
57.2166 94.0959
57.7138 93.9114
58.2879 93.7269
58.7135 93.5424
59.3294 92.6199
60.1042 89.8524
60.6265 83.0258
60.7394 77.4908
61.107 73.9852
62.1642 67.3432
62.4875 62.3616
62.3627 56.6421
63.5131 52.3985
64.4217 46.4945
64.2457 42.4354
64.5905 40.7749
64.6818 39.1144
65.5866 38.1919
65.8641 37.2694
65.708 36.1624
65.8061 33.7638
65.9768 32.8413
66.6273 31.9188
66.8162 31.3653
66.8571 29.8893
66.405 27.6753
66.9514 26.0148
66.782 25.2768
66.7617 24.7232
67.2398 23.2472
67.2079 21.9557
67.2903 20.1107
67.1352 18.6347
67.3485 16.0517
67.0686 12.3616
67.0996 10.8856
66.9798 9.22509
67.3031 8.11808
66.8565 7.56458
67.0048 6.45756
66.7406 6.08856
66.4021 4.79705
66.0621 3.69004
66.1884 2.58303
66.1127 1.29151
65.8865 0.369004
65.6956 0
65.6852 0
65.5433 0
64.7065 0
64.9854 0
64.7856 0
64.2732 0
64.059 0
63.8229 0
63.6571 0
63.6012 0
63.2966 0
62.5216 0
62.324 0
62.2246 0
61.6704 0
61.445 0
61.008 0
60.9387 0
60.5418 0
60.4631 0
59.8731 0
59.5259 0
59.2304 0
59.2118 0
58.9193 0
58.9495 0
58.3617 0
58.2619 0
57.5556 0
57.6879 0
57.4096 0
56.841 0
56.9201 0
56.3403 0
56.2634 0
55.8896 0
55.9746 0
55.2633 0
55.2579 0
54.7699 0
54.6766 0
54.5266 0
54.0623 0
53.3982 0
53.6973 0
53.0712 0
52.9121 0
52.5796 0
52.3488 0
52.2055 0
51.3564 0
51.4493 0
51.3571 0
50.8326 0
50.8251 0
50.5591 0
50.4337 0
50.0881 0
49.8335 0
49.7774 0
49.4953 0
49.2325 0
49.2575 0
48.5373 0
48.1171 0
47.7726 0
47.7792 0
47.521 0
47.3856 0
47.1689 0
47.0475 0
46.7969 0
46.7567 0
46.395 0
46.1758 0
45.5044 0
45.5229 0
45.4816 0
44.9212 0
45.1722 0
44.6204 0
44.3695 0
44.2246 0
43.6678 0.738007
43.9427 2.95203
43.4449 5.16605
43.2825 7.56458
42.9345 8.11808
42.8076 8.67159
42.5322 9.7786
42.6141 9.9631
41.9842 10.3321
42.4877 10.5166
41.886 10.8856
42.0442 10.8856
41.4119 11.0701
41.3456 11.0701
41.3062 11.0701
41.1543 11.0701
41.1519 11.0701
41.1503 11.0701
40.5412 11.0701
40.8141 11.0701
40.4394 11.0701
40.4948 11.0701
40.366 11.0701
40.0709 11.0701
39.9256 11.0701
39.957 11.0701
39.6548 11.0701
39.7714 11.2546
39.6823 11.8081
39.2568 14.2066
39.585 41.8819
39.4122 50.1845
38.9955 57.3801
39.0145 67.5277
38.9118 75.6458
39.1196 84.6863
39.3726 87.6384
39.1125 88.7454
39.7337 89.1144
40.1771 89.1144
39.8066 89.4834
40.7358 89.4834
40.5126 89.4834
40.9925 89.4834
41.0714 89.4834
41.8466 89.4834
41.9234 89.4834
41.8787 89.4834
42.5328 89.4834
42.8582 89.4834
43.5078 89.4834
44.3718 89.4834
44.8333 89.4834
45.2114 89.4834
45.2649 89.4834
45.6193 89.4834
46.2566 89.4834
47.1323 89.4834
47.112 89.4834
47.7331 89.4834
48.3779 89.4834
48.8949 89.4834
49.3925 89.4834
49.6356 89.4834
50.2875 89.4834
51.217 89.4834
51.9754 89.4834
52.0328 89.4834
52.3169 89.4834
53.2891 89.4834
53.7012 89.4834
53.8834 89.4834
54.3953 89.4834
55.3071 89.4834
55.4528 89.4834
56.5464 89.4834
56.9492 89.4834
57.6208 89.4834
57.9687 89.4834
58.5363 89.4834
58.9592 89.4834
59.4227 89.4834
60.0125 89.4834
60.5595 89.4834
60.6504 89.4834
61.1606 89.4834
62.0957 89.4834
62.6036 89.4834
62.9056 89.4834
63.2359 89.4834
64.2243 89.4834
64.2197 89.4834
64.9791 89.4834
65.2719 89.4834
65.8277 89.4834
66.0124 89.4834
66.8112 89.4834
67.0929 89.4834
68.0077 89.4834
68.26 89.4834
68.5331 89.4834
68.5672 89.4834
69.5202 89.4834
70.0749 89.4834
69.7966 89.4834
70.5724 89.4834
70.9611 89.4834
71.8947 89.4834
71.9717 89.4834
72.0244 89.4834
73.0821 89.4834
73.6275 89.4834
74.1441 89.4834
74.4019 89.4834
75.0345 89.4834
76.1181 89.4834
75.6119 89.4834
76.33 89.4834
76.7307 89.4834
77.1083 89.4834
77.6233 89.4834
78.3919 89.4834
78.5472 89.4834
79.5295 89.4834
79.6178 89.4834
80.2626 89.4834
80.5519 89.4834
80.9197 89.4834
81.2986 89.4834
81.49 89.4834
82.2036 89.4834
82.55 89.4834
82.4415 89.4834
83.2325 89.4834
83.7347 89.4834
84.0527 89.4834
84.04 89.4834
84.583 89.4834
85.3292 69.3727
85.256 57.3801
85.3568 52.952
86.2502 49.4465
86.187 42.9889
86.8154 41.5129
86.7848 39.6679
86.9007 37.0849
87.3435 31.9188
87.4042 25.4613
87.5758 17.1587
87.4933 12.1771
87.9518 10.3321
87.4318 9.22509
87.8362 8.67159
87.6044 8.48709
87.7513 8.30258
87.3821 8.30258
87.3527 8.30258
87.7734 8.30258
87.0814 8.30258
87.0246 8.30258
86.8078 8.30258
86.099 8.30258
85.9922 8.30258
86.0376 8.30258
85.5282 8.30258
85.4074 8.30258
85.2005 8.30258
84.6436 8.30258
85.2646 8.30258
84.6709 8.30258
83.8347 8.30258
83.8789 8.30258
83.4078 8.30258
83.457 8.30258
83.2072 8.30258
82.9236 8.30258
82.7864 8.30258
82.069 8.30258
81.7385 8.30258
81.4281 8.30258
81.3356 8.30258
80.6206 8.30258
80.7791 8.30258
80.5656 8.30258
79.6998 8.30258
80.035 8.30258
79.7162 8.30258
79.6501 8.30258
78.7535 8.30258
78.3738 8.30258
78.4093 8.30258
78.1088 8.30258
77.8549 8.30258
77.4408 8.30258
77.4427 8.30258
76.4607 8.30258
76.3239 8.30258
76.3098 8.30258
75.6165 8.30258
75.7333 8.30258
75.1407 8.30258
74.5502 8.30258
74.4464 8.30258
73.9952 8.30258
73.8763 8.30258
73.4772 8.30258
73.1086 8.30258
72.7364 8.30258
72.9586 8.30258
72.7746 8.30258
72.4498 8.30258
72.111 8.11808
71.4897 7.93358
71.1609 7.74908
71.0845 7.38007
70.6391 7.01107
70.6706 6.64207
70.3458 6.45756
69.8357 6.45756
69.9469 6.08856
69.2901 5.53506
68.6568 5.35055
69.2499 5.16605
68.3503 4.98155
67.874 4.79705
68.0052 4.61255
67.4912 4.61255
67.1957 4.61255
67.3911 4.61255
66.998 4.61255
66.5945 4.61255
66.4774 4.61255
66.0046 4.61255
66.0821 4.61255
65.59 4.61255
65.2953 4.61255
65.1291 4.61255
64.5191 4.61255
64.4311 4.61255
64.2414 4.61255
64.0144 4.61255
63.8926 4.61255
63.3276 4.61255
63.0377 4.61255
62.7325 4.61255
62.3488 4.61255
62.5419 4.61255
61.8539 4.61255
62.0605 4.61255
61.5176 4.61255
61.2656 4.61255
61.4183 4.61255
60.6044 4.61255
60.2549 4.61255
60.153 4.61255
59.6893 4.61255
59.8537 4.61255
59.0675 4.61255
59.3971 4.61255
59.2149 4.61255
58.8885 4.61255
58.2097 4.61255
58.0544 4.61255
57.8958 4.61255
57.8644 4.61255
57.3782 4.61255
57.2422 4.61255
57.3727 4.61255
56.8791 4.61255
56.6446 4.61255
56.481 4.61255
55.9254 4.61255
56.1578 4.61255
55.4264 4.61255
55.3688 4.61255
54.818 4.61255
54.7465 4.61255
55.0182 4.61255
54.5485 4.61255
54.3766 4.61255
54.1446 4.61255
54.1222 4.61255
53.8033 4.61255
53.0711 4.61255
53.3062 4.61255
53.2061 4.61255
52.9857 4.61255
52.3631 4.61255
52.0751 4.61255
51.7712 4.61255
51.6631 4.61255
51.7081 4.61255
51.5938 4.61255
51.0463 4.61255
51.3109 4.61255
50.9804 4.61255
50.3762 4.61255
50.2812 4.61255
50.2328 4.61255
50.0162 4.61255
49.8607 4.61255
49.4202 4.61255
49.4218 4.61255
49.2511 4.61255
49.0704 4.61255
48.7283 4.61255
48.4289 4.61255
48.3369 4.61255
47.8757 4.61255
47.9549 4.61255
47.9458 4.61255
47.7625 4.61255
47.464 4.61255
46.9094 4.61255
47.1882 4.61255
46.9135 4.61255
46.72 4.61255
46.5775 4.61255
46.4115 4.61255
45.8776 4.61255
45.7334 4.61255
45.6136 4.61255
45.6174 4.61255
45.6617 4.61255
45.2351 4.61255
45.2642 4.61255
45.2523 4.61255
44.4179 4.61255
44.0459 4.61255
44.4373 4.61255
44.5414 4.61255
44.285 4.61255
43.7743 4.61255
43.5712 4.61255
43.7083 4.61255
43.1636 4.61255
43.3076 4.61255
42.9632 4.61255
42.7919 4.61255
42.4578 4.61255
42.35 4.61255
42.636 4.61255
42.1994 4.61255
41.8807 4.61255
41.8198 4.61255
41.4171 4.61255
41.8077 4.61255
40.9444 4.61255
41.2317 4.61255
40.7559 4.61255
40.7939 4.61255
40.5154 4.61255
40.4555 4.61255
40.0325 4.61255
39.9553 4.61255
40.2126 4.61255
40.0651 4.61255
39.5787 4.61255
39.3421 4.61255
39.7115 4.61255
39.3065 4.61255
39.3228 4.61255
39.0571 4.61255
38.8079 4.61255
38.5813 4.61255
38.72 4.61255
38.4455 4.61255
38.2714 4.61255
37.9239 4.61255
38.0629 4.61255
37.7482 4.61255
37.6411 4.61255
37.5697 4.61255
37.5141 4.61255
37.2193 4.61255
37.2232 4.61255
36.9475 4.61255
36.4331 4.61255
36.6135 4.61255
36.3584 4.61255
35.914 4.61255
36.2478 4.61255
36.1747 4.61255
35.5922 4.61255
35.9791 4.61255
35.7227 4.61255
35.2856 4.61255
35.3951 4.61255
34.9217 4.61255
35.0542 4.61255
35.0509 4.61255
34.6223 4.61255
34.4006 4.61255
34.6056 4.61255
34.3098 4.61255
34.0824 4.61255
33.853 4.61255
33.9773 4.61255
33.8129 4.61255
33.6206 4.61255
33.2552 4.61255
33.168 4.61255
33.1148 4.61255
33.1504 4.79705
33.0236 5.35055
33.1137 6.27306
32.8728 7.74908
32.7099 8.30258
32.427 9.22509
32.2088 9.7786
32.5577 9.9631
32.5172 10.3321
32.3328 10.5166
31.9302 10.5166
32.1063 10.5166
31.8374 10.5166
31.7182 10.1476
31.5236 9.7786
31.2927 7.93358
31.7498 7.56458
31.2947 7.01107
31.0917 7.01107
31.2999 6.64207
31.0413 6.27306
31.0768 6.08856
30.8234 6.08856
31.054 6.08856
30.9737 6.08856
30.6591 7.74908
30.6014 9.5941
30.2843 10.8856
30.4665 11.8081
30.4095 12.3616
30.4788 12.9151
30.2498 13.0996
30.2986 13.2841
30.0889 13.2841
29.6161 13.0996
29.8388 7.74908
30.0191 4.79705
29.9071 3.13653
29.6443 2.58303
30.0526 2.21402
29.8119 1.84502
29.5239 1.66052
29.4928 1.66052
29.7663 1.66052
29.2688 1.66052
29.6827 2.39852
29.0766 4.24354
29.1678 5.35055
29.0471 6.45756
28.8093 6.82657
29.0505 7.38007
28.5528 7.56458
28.8239 7.56458
28.5464 7.56458
28.3307 7.56458
28.3496 4.42804
28.346 2.95203
27.9943 1.47601
28.0883 0.922509
28.2562 0.553506
27.7005 0
27.841 0
27.6301 0
27.4078 0
27.5515 0
27.2207 0
27.2415 0.738007
27.3557 1.47601
26.9711 2.76753
26.8672 3.50554
26.6791 4.24354
26.791 4.79705
26.8152 4.98155
26.632 5.16605
26.2527 5.16605
26.0768 3.69004
26.6267 2.39852
26.141 0.738007
25.7178 0
26.0529 0
25.9457 0
25.6668 0
25.6905 0
25.5021 0
25.0624 0
25.5038 0
25.3029 0
25.3421 0
25.0647 0
24.768 0
24.8366 0.738007
24.5226 2.21402
24.4192 3.69004
24.1831 4.05904
23.9793 5.16605
23.9447 5.16605
24.3823 5.53506
24.2125 5.53506
23.6323 5.53506
23.734 5.53506
23.4664 5.53506
23.5321 5.53506
23.2133 5.35055
23.3113 4.98155
23.3234 3.87454
23.0516 3.50554
23.3593 2.95203
23.2287 2.76753
22.8018 2.58303
23.0679 2.58303
22.5388 2.58303
22.609 2.76753
22.7263 3.13653
22.3429 7.01107
22.507 8.30258
22.2841 9.04059
22.1348 9.5941
22.4596 9.7786
22.1299 9.7786
22.3477 9.7786
22.3815 9.7786
21.8426 9.04059
21.5483 7.74908
21.9461 6.45756
21.76 5.90406
21.8767 5.53506
21.8307 5.16605
21.4233 4.98155
21.7437 4.79705
21.6043 4.79705
21.5422 4.79705
21.6024 5.16605
21.6462 6.08856
21.33 9.7786
21.0106 10.5166
21.1609 11.2546
21.1922 11.4391
21.399 11.6236
20.9924 11.8081
21.0382 11.0701
20.9921 7.93358
21.1231 5.16605
21.2153 2.95203
21.0327 2.21402
21.083 1.84502
21.1707 1.84502
20.5611 1.66052
20.7628 1.66052
20.509 2.39852
20.4877 7.56458
20.2783 23.2472
20.4022 30.9963
20.5595 36.5314
20.6453 44.6494
20.7487 49.4465
20.5426 55.5351
20.6398 57.5646
20.7371 59.4096
20.853 62.1771
20.4941 65.4982
21.0935 68.8192
20.8785 71.4022
21.5926 73.2472
21.6468 74.1697
21.9324 74.3542
22.2026 74.7232
22.5456 74.9077
22.9341 74.9077
23.7474 75.0923
23.8053 75.2768
24.0188 75.2768
24.7795 75.2768
25.5232 75.6458
25.615 75.8303
25.8024 76.1993
26.4347 76.7528
26.3634 77.3063
27.2208 78.0443
27.9284 79.3358
28.3049 79.8893
28.6199 80.6273
29.43 80.8118
29.5062 81.3653
29.8818 81.9188
30.9151 81.9188
31.1875 82.1033
31.4995 82.2878
32.3182 82.2878
32.9993 82.4723
33.2822 82.4723
33.8339 82.4723
34.0717 82.4723
34.9888 82.4723
35.2811 82.4723
36.052 82.4723
36.6891 82.4723
36.5171 82.4723
36.7203 82.4723
37.6909 82.4723
38.5147 82.4723
38.6191 82.4723
39.3469 82.4723
39.41 82.4723
40.0678 82.4723
40.9233 82.4723
41.3866 82.4723
41.9726 82.4723
42.5375 82.4723
42.7324 82.4723
43.3543 82.4723
44.4978 82.4723
45.2335 82.4723
45.1928 82.4723
45.887 82.4723
46.396 82.4723
47.0629 82.4723
47.5269 82.4723
47.9732 82.4723
48.3394 82.4723
49.0011 82.4723
49.3353 82.4723
49.9885 82.4723
50.6817 81.9188
50.6008 81.5498
51.4708 80.9963
52.0032 80.6273
52.1337 80.2583
53.0204 79.7048
53.1148 79.5203
53.8543 79.3358
54.3859 79.1513
54.5789 79.1513
54.9459 79.1513
55.3555 79.1513
56.0674 78.9668
56.2324 78.9668
56.8913 78.9668
57.7046 78.9668
57.341 78.9668
58.1401 78.9668
58.7745 79.1513
59.3571 79.3358
59.4872 79.7048
59.8107 80.4428
60.0124 81.3653
60.7848 82.1033
61.1434 82.8413
61.3211 83.9483
61.4262 84.5018
62.5048 85.0554
62.685 85.2399
63.4137 86.1624
63.8854 86.3469
64.0686 86.9004
64.7491 87.0849
65.0579 87.2694
65.9474 87.6384
65.8402 87.8229
66.4935 87.8229
66.7849 88.0074
67.0982 88.1919
67.7743 88.7454
68.0901 88.9299
68.6775 89.2989
69.3159 89.8524
69.1886 89.8524
69.8121 90.2214
70.5977 90.4059
70.5801 90.5904
70.7845 90.7749
71.4366 90.9594
72.0321 91.1439
72.2082 91.1439
72.9756 91.1439
73.3791 91.1439
74.0098 91.5129
74.4151 91.6974
75.0177 92.0664
75.1739 92.0664
75.5435 92.8044
75.9246 94.6494
76.8379 95.7565
76.8638 96.4945
77.7895 97.2325
78.1202 97.9705
78.2322 99.262
79.1121 100
79.366 100
79.8768 100
80.2901 100
80.3933 100
81.0548 100
81.6469 99.0775
81.7961 98.524
82.6355 97.2325
82.6324 94.8339
83.2078 92.6199
83.5249 91.3284
84.225 90.2214
84.7077 88.7454
85.2125 86.5314
85.5031 85.2399
86.0679 84.6863
86.2641 83.5793
86.9685 82.8413
87.1544 81.5498
87.449 80.6273
87.797 79.8893
87.9606 78.9668
88.3681 78.4133
88.7834 76.5683
89.496 75.2768
89.2575 74.1697
89.8005 73.2472
90.0985 71.9557
90.5624 69.5572
90.5249 67.3432
90.6095 65.6827
91.0488 62.9151
91.1904 59.0406
91.3355 54.2435
92.2275 50.5535
91.7455 48.524
92.3604 46.679
92.2598 45.572
92.3744 43.9114
92.4938 42.9889
92.9305 42.2509
92.6635 41.8819
92.6418 41.5129
92.7732 40.2214
92.8285 39.6679
92.8406 38.9299
93.3154 38.3764
93.2694 38.0074
93.5213 36.5314
93.3106 35.4244
93.295 34.5018
93.2445 32.2878
93.0161 29.3358
92.9778 27.3063
92.4633 25.8303
92.5229 24.5387
92.6105 22.8782
92.8596 20.6642
92.497 18.6347
92.3591 16.7897
91.8742 15.6827
91.8958 14.9446
91.4005 12.9151
91.3508 11.9926
91.2372 11.0701
91.1676 10.3321
90.6462 9.7786
91.1673 8.85609
90.5286 8.48709
90.1753 8.11808
89.9594 7.56458
89.5278 6.45756
89.3314 5.16605
88.6675 4.24354
88.7001 3.69004
88.1971 2.95203
88.308 2.39852
88.0901 1.10701
87.7877 0.553506
87.2612 0
87.0452 0
86.3533 0
85.9181 0
86.1538 0
85.3971 0
85.0178 0
84.9136 0
83.7669 0
83.4098 0
82.7625 0
82.5875 0
82.4415 0
81.6254 0
81.5264 0
80.1844 0
80.2146 0
79.8191 0
79.5194 0
78.6047 1.47601
78.3367 1.84502
77.7979 2.21402
77.9765 2.39852
77.407 2.58303
77.0335 2.76753
76.7471 2.95203
76.035 3.13653
75.6574 3.13653
75.2542 3.13653
74.9528 3.13653
74.5689 3.13653
74.664 3.13653
73.9781 3.13653
73.7268 3.13653
73.2986 3.13653
72.979 3.13653
72.5077 3.13653
72.3563 3.13653
71.8055 3.13653
71.6796 3.13653
71.4384 3.13653
71.5518 3.13653
70.8671 3.13653
70.4285 3.13653
70.0274 3.13653
69.5743 3.13653
69.477 3.13653
69.0391 3.13653
68.9755 3.13653
68.6285 3.13653
68.4412 3.13653
67.953 3.13653
67.5883 3.13653
67.3883 3.13653
67.3436 3.13653
66.5652 3.13653
66.4662 3.13653
66.2945 3.13653
65.6337 3.13653
65.472 3.13653
64.9652 3.87454
65.4183 4.05904
64.4287 4.42804
63.9042 4.98155
63.5954 4.98155
63.7298 5.16605
62.662 5.35055
62.5682 5.53506
62.6214 5.53506
62.4552 5.53506
62.0085 5.53506
61.9846 5.53506
61.4892 5.90406
61.0031 6.82657
60.8817 8.67159
60.4404 9.22509
59.9848 9.7786
60.1159 10.1476
59.5336 10.3321
59.3268 10.1476
59.1517 9.04059
58.7022 7.74908
58.4147 5.90406
58.1997 3.32103
57.6753 1.84502
57.7154 1.29151
57.3978 0.922509
56.9726 0.738007
56.8295 0.369004
56.6244 0.184502
56.4652 0
56.0371 0
55.9124 0
55.5374 0
55.245 0
55.0987 0
55.3668 0
54.9072 0
54.6531 0
54.3399 0
53.8767 0.369004
54.1326 2.02952
53.5458 4.24354
53.6045 5.90406
53.123 6.82657
52.8571 7.38007
52.6668 7.56458
52.2583 7.93358
52.3592 7.93358
52.0393 8.30258
51.7046 8.30258
51.2369 8.67159
51.1454 8.67159
51.2513 8.67159
50.6786 8.67159
50.8097 8.67159
50.627 8.67159
50.3729 8.67159
50.3011 8.67159
49.9048 8.67159
49.7185 8.67159
49.5048 8.67159
49.0644 8.67159
48.9823 8.67159
49.1871 8.67159
48.6977 8.67159
48.4669 8.67159
48.4315 8.67159
48.3754 8.67159
48.0394 8.67159
48.0008 8.67159
48.021 8.67159
47.7079 8.67159
47.5779 8.67159
47.1084 8.67159
47.0976 8.67159
46.8539 8.67159
47.2324 8.67159
46.7259 8.67159
46.487 8.67159
46.0938 8.67159
46.2804 8.67159
45.8864 8.67159
45.952 8.67159
45.6449 8.67159
45.3782 8.67159
45.5725 8.67159
45.465 8.67159
45.0109 8.67159
44.9456 8.67159
44.9053 8.67159
44.7789 8.67159
44.8955 8.67159
44.2534 8.67159
44.738 10.1476
43.9393 12.9151
44.1926 19.9262
44.1507 25.8303
44.0346 30.9963
43.794 43.9114
43.4487 51.845
43.345 56.8266
43.4984 61.8081
43.4647 66.7897
43.5718 69.5572
44.0689 71.2177
43.3678 72.1402
43.9265 73.6162
43.9426 76.1993
44.3556 77.1218
44.7518 77.6753
44.7197 78.2288
45.012 78.4133
45.445 78.7823
45.7123 79.1513
45.5913 79.1513
46.0437 79.1513
46.6395 79.1513
46.9648 79.1513
47.0268 79.1513
47.5094 79.1513
48.053 79.1513
48.0515 79.1513
48.7475 79.1513
49.2046 79.1513
49.5837 79.1513
49.906 79.1513
50.2296 79.1513
50.3027 79.1513
51.0243 79.1513
51.2666 79.1513
51.7756 79.1513
52.1291 79.1513
52.6613 79.1513
52.6887 79.1513
53.573 79.1513
54.4836 79.1513
53.9969 79.1513
54.4011 79.1513
55.3904 79.1513
55.8654 79.1513
56.5956 79.1513
56.8336 79.1513
57.4163 79.1513
57.6844 79.1513
58.047 79.1513
58.1947 79.1513
58.8982 79.1513
59.4401 79.1513
59.3912 79.1513
59.6696 79.1513
60.5304 79.1513
60.7801 79.1513
61.3193 79.1513
61.7377 79.1513
62.3646 79.1513
62.5069 79.1513
62.8426 79.1513
63.2443 79.1513
63.6358 79.1513
64.1193 79.1513
64.4259 81.1808
64.8713 82.6568
65.1375 83.3948
65.5513 84.1328
65.804 84.5018
66.1755 85.2399
66.699 85.7934
66.7301 86.1624
67.5103 86.7159
68.0531 87.0849
68.1863 87.0849
68.673 88.0074
69.0676 89.1144
69.7389 90.2214
70.2318 90.7749
70.03 91.8819
70.9194 93.1734
71.2677 94.0959
71.5521 94.8339
72.2253 95.7565
72.4289 97.2325
73.0266 99.262
73.1761 100
73.873 100
74.2577 100
74.6015 100
74.972 100
75.2783 100
76.0729 100
76.3964 100
76.724 100
77.0687 100
77.9469 100
78.2043 100
78.846 100
78.9026 100
79.7999 100
80.0623 100
80.8261 100
80.9802 100
81.4491 99.631
82.0208 96.679
82.6309 94.6494
82.9919 92.4354
83.1646 89.4834
83.9706 86.9004
84.1105 77.3063
84.671 66.2362
85.1154 58.8561
85.5438 54.797
85.8808 50.738
86.1303 40.5904
86.7126 33.5793
86.4904 29.8893
86.9545 28.7823
86.8991 27.8598
87.3089 26.0148
87.6299 24.9077
87.6579 23.4317
87.6608 22.5092
87.7546 20.8487
87.8643 19.1882
87.843 18.2657
88.0689 17.7122
87.6153 17.1587
87.7649 16.7897
87.1986 16.4207
87.2449 16.2362
87.4093 16.0517
86.9136 15.8672
87.1575 15.6827
86.4709 15.6827
86.5621 15.4982
86.2054 15.4982
86.0694 15.4982
85.5318 15.4982
85.6196 15.4982
85.2585 15.4982
85.2405 15.4982
85.0743 15.4982
84.9982 15.4982
84.2625 15.4982
84.2405 15.4982
84.2549 15.4982
83.8831 15.4982
83.3469 15.4982
83.4808 15.4982
82.9454 15.4982
82.6615 15.4982
82.7905 15.4982
82.3334 15.4982
82.2324 15.4982
81.477 15.4982
81.6138 15.4982
81.0576 15.4982
81.2098 15.4982
80.6645 15.4982
80.4871 15.4982
80.3587 15.4982
80.084 15.4982
79.9098 15.4982
79.5029 15.4982
78.5702 15.4982
78.885 15.4982
78.2675 15.4982
78.1728 15.4982
78.0081 15.4982
77.4756 15.4982
77.6574 15.4982
77.207 15.4982
76.5945 15.4982
76.9723 15.4982
76.7488 15.4982
76.4422 15.4982
76.0374 15.4982
76.0377 15.4982
75.8476 15.4982
75.5145 15.4982
75.0294 15.4982
74.6292 15.4982
74.6161 15.4982
74.6501 15.4982
74.1138 15.4982
74.098 15.4982
73.961 15.4982
73.3105 15.4982
73.4114 15.4982
72.8065 15.4982
72.5641 15.4982
72.4976 15.4982
71.8052 15.4982
72.1032 15.4982
71.726 15.4982
71.5529 15.4982
71.4443 15.4982
71.2625 15.4982
70.9327 15.4982
70.6646 15.4982
70.506 15.4982
70.4202 15.4982
70.4856 15.4982
70.133 15.4982
70.0206 15.4982
69.4966 15.4982
69.6157 15.4982
69.1868 15.4982
69.1769 15.4982
68.5257 15.4982
68.8836 15.4982
68.081 15.4982
68.3016 15.4982
68.3473 15.4982
67.9436 15.4982
67.5254 15.4982
67.5458 15.4982
67.3148 15.4982
67.2575 15.4982
67.0675 15.4982
66.538 15.4982
66.8982 15.4982
66.1009 15.4982
65.876 15.4982
65.9749 15.4982
65.6052 15.4982
65.744 15.4982
65.0913 15.4982
64.9821 15.4982
64.6405 15.4982
64.4855 15.4982
64.2805 15.4982
64.2886 15.4982
64.2412 15.4982
64.1023 15.4982
63.8926 15.4982
63.6638 15.4982
63.493 15.4982
62.8726 15.4982
62.6825 15.4982
62.6276 15.4982
62.4445 15.4982
62.7438 15.4982
62.2504 15.4982
62.4854 15.4982
62.0062 15.4982
61.8634 15.4982
62.0026 15.4982
61.3789 15.4982
61.396 15.4982
61.3546 15.4982
61.2416 15.4982
61.002 15.4982
60.586 15.4982
60.4936 15.4982
60.4167 15.4982
60.2984 15.4982
59.8034 15.4982
60.0278 15.4982
59.7524 15.4982
59.6594 15.4982
59.4454 15.4982
59.2109 15.4982
58.8986 15.4982
59.1031 15.4982
58.5515 15.4982
58.7115 15.4982
58.2261 15.4982
58.1937 15.4982
58.0186 15.4982
58.0203 15.4982
58.1189 15.4982
57.9194 15.4982
57.5002 15.4982
57.5489 15.4982
57.4142 15.4982
57.1677 15.4982
57.187 15.4982
57.0481 15.4982
57.0999 15.4982
56.5669 15.4982
56.5246 15.4982
56.3814 15.4982
56.466 15.4982
56.0883 15.4982
55.8854 15.4982
55.6674 15.4982
55.9224 15.4982
55.5812 15.4982
55.6275 15.8672
55.1131 22.5092
55.1923 40.2214
55.1127 62.5461
54.7833 84.8708
54.8788 100
55.0648 100
54.9332 100
55.0955 100
55.4765 100
55.1807 100
55.8292 100
55.4795 100
56.2698 100
56.3522 100
56.7137 100
57.3879 100
57.1571 100
57.7083 100
58.1139 100
58.7789 100
59.2882 100
59.6525 100
60.1595 100
60.7047 100
61.2413 100
61.4291 100
62.2736 100
62.5443 100
62.8079 100
63.8911 100
64.1308 77.8598
64.4415 59.9631
65.2308 35.7934
65.2777 0
66.0294 0
65.831 0
66.6543 0
66.7841 0
66.7163 0
67.2449 0
67.31 0
67.0498 0
67.219 0
67.0215 0
67.234 0
67.1659 0
67.0405 0
66.8554 0
66.4294 0
66.5474 0
66.4953 0
65.7775 0
65.7438 0
65.5879 0
65.5253 0
64.7219 0
65.2238 0
64.9565 0
64.5196 0
64.4601 0
63.8569 0
63.8789 0
63.4929 0
63.1334 0
62.937 0
62.681 0
62.3993 0
62.6316 0
61.8734 0
61.5045 0
61.418 0
60.9695 0
60.8935 0
60.3285 0
60.1782 0
59.6801 0
59.7081 0
59.4597 0
59.2403 0
58.8207 0
58.2096 0
58.3163 0
58.1043 0
57.8702 0
56.8894 0
57.239 0
56.85 0
56.5544 0
56.2403 0
55.9239 0
55.2628 0
55.3399 0
54.7181 0
55.1451 0
54.6839 0
54.8108 0
54.2337 0
54.338 0
53.5914 0
53.5386 0
53.0993 0
53.1383 0
52.548 0
52.1438 0
52.136 0
52.0405 0
51.8797 0
51.8617 25.8303
51.0795 59.5941
51.0324 81.3653
50.68 100
50.8621 100
50.3317 100
50.7335 100
50.6138 100
50.8937 100
51.0856 100
51.0302 100
51.2916 100
51.8548 100
52.2899 100
52.6018 100
53.0602 100
53.1182 100
53.2996 100
53.9303 100
54.4253 100
54.9102 100
55.3349 100
55.8072 100
55.9436 100
56.5699 100
57.1043 100
57.6898 100
58.1344 100
58.7702 100
59.7534 100
59.6299 100
60.6467 100
60.3377 100
61.4789 100
61.7924 100
62.7529 100
62.8958 100
63.2411 100
64.1082 100
64.5 100
64.9926 100
65.7435 100
66.3552 100
66.4631 100
67.3736 100
67.8973 100
68.5596 84.3173
68.8491 59.7786
69.4682 42.4354
69.981 27.1218
70.8346 6.82657
70.539 4.24354
71.1732 2.58303
71.1619 2.21402
71.3489 1.84502
71.593 1.47601
71.9916 1.29151
71.7298 1.10701
71.9577 1.10701
71.3303 1.10701
71.5193 1.10701
71.7457 1.10701
71.8053 1.10701
71.9829 1.10701
71.0708 1.10701
71.4641 1.10701
71.2756 1.10701
70.9561 1.10701
70.8072 1.10701
70.2622 1.10701
70.334 1.10701
70.1011 1.10701
69.8018 1.10701
69.3669 1.10701
68.6389 1.10701
68.7064 1.10701
67.9847 1.10701
67.7352 1.10701
67.5915 1.10701
66.8006 1.10701
66.5913 1.10701
66.4592 1.10701
66.457 1.10701
66.2918 1.10701
65.9156 1.10701
65.7024 1.10701
65.3563 1.10701
65.195 1.10701
64.7943 1.10701
64.6618 1.10701
63.9076 1.10701
64.1326 1.10701
63.4281 1.10701
63.3537 1.10701
63.1774 1.10701
62.806 1.10701
62.3636 1.10701
62.0953 1.10701
61.6993 1.10701
61.3949 1.10701
61.58 1.10701
60.8579 1.10701
60.6498 1.10701
60.6772 1.10701
60.681 1.10701
60.0225 1.10701
59.6011 1.10701
58.9819 1.10701
59.1897 1.10701
58.8048 1.10701
58.555 1.10701
58.6058 1.10701
58.1068 1.10701
57.4571 1.10701
57.7105 1.10701
57.1264 1.10701
56.9201 1.10701
56.5608 1.10701
56.2681 1.10701
56.1914 1.10701
55.9419 1.10701
55.7779 1.10701
55.2007 1.10701
55.0814 1.10701
54.4724 1.10701
54.4263 1.10701
54.361 1.10701
54.0091 1.10701
53.604 1.10701
53.5617 1.10701
53.1888 1.10701
52.9603 1.10701
52.8351 1.10701
52.5684 1.10701
51.986 1.10701
51.902 1.10701
51.6185 1.10701
51.6021 1.10701
50.6637 1.10701
50.9512 1.10701
50.5754 1.10701
50.0819 1.10701
50.3887 1.10701
49.6366 1.10701
49.934 1.10701
49.2206 1.10701
49.0234 1.10701
48.9371 1.10701
49.2297 1.10701
48.3784 1.10701
48.0427 1.10701
48.3232 1.29151
47.7561 2.95203
47.7206 14.3911
47.4612 48.155
47.2176 73.8007
47.2884 100
47.126 100
46.6772 100
47.1435 100
47.2886 100
47.0647 100
47.4804 100
47.7989 100
48.3604 100
48.1701 100
49.0039 100
49.1854 100
49.6228 100
49.8743 100
50.4248 100
50.8914 100
51.4022 100
51.7969 100
52.496 100
52.6258 100
53.3379 100
53.7015 100
54.3372 100
54.7605 100
55.7229 100
56.1556 100
56.2367 100
57.0601 100
57.7646 100
58.2559 100
58.732 100
59.2867 100
59.6414 100
59.8828 100
60.7325 100
61.0683 100
61.7108 100
62.6345 100
63.2724 100
63.4836 100
64.1591 100
64.6857 100
65.5552 100
65.9714 100
66.2629 100
66.8729 100
67.6052 100
68.1442 100
68.6226 100
69.3814 100
69.826 100
69.8821 100
71.0119 100
71.5504 100
71.7622 100
72.6777 100
73.1841 100
73.7775 100
74.3073 93.7269
74.7546 67.8967
75.5306 51.476
75.8608 32.2878
76.2597 26.0148
76.552 19.9262
76.8863 17.7122
77.3427 17.1587
77.3957 16.4207
77.4614 16.0517
77.7654 14.9446
77.7424 14.3911
77.8791 13.8376
78.0639 13.4686
78.2234 13.2841
78.2241 13.2841
78.2848 13.2841
78.6854 13.2841
77.8708 13.2841
77.8499 13.0996
77.5288 13.0996
77.4995 13.0996
77.5513 12.9151
77.2275 12.7306
77.1398 12.5461
76.9528 11.4391
77.1079 7.74908
76.7216 3.50554
76.3098 0
76.7661 0
75.9011 0
75.628 0
75.3112 0
75.3511 0
75.1464 0
74.8747 0
74.3586 0
74.4247 0
74.125 0
73.6285 0
73.1346 0
73.0091 0
73.097 0
72.3084 0
71.9574 0
71.6247 0
71.2799 0
71.2911 0
70.7175 0
70.2866 0
70.5673 0
69.7747 0
69.2006 0
68.9917 0
69.0023 0
68.7722 0
68.3589 0
68.072 0
67.6172 0
67.1671 0
66.8202 0
67.4093 0
66.3066 0
66.0883 0
65.8842 0
65.6855 0
64.895 0
65.1479 0
64.6105 0
64.276 0
63.6656 0
63.4533 0
63.0315 0
63.3318 0
62.8474 0
62.1134 0
62.0521 0
61.2769 0
61.1792 0
60.6245 0
60.4993 0
60.1103 0
60.366 0
59.6394 0
59.3635 0
59.1652 0
58.7605 0
58.6457 0
58.0511 0
57.8037 0
57.228 0
56.9074 0
56.7544 0
56.6501 0
56.7866 0
55.6222 0
55.8859 0
55.3557 0
55.1656 0
54.8644 0
54.9204 0
54.4372 0
54.1319 0
54.1148 0
53.4538 0
53.3333 0
53.1374 0
52.8401 0
52.5626 0
52.4228 0
51.8045 0
51.9437 0
51.3379 0
51.3132 0
50.8793 0
50.8991 0
50.6576 0
50.1993 0
50.0731 0
49.8393 0
49.4224 0
49.4458 0
49.045 0
49.1781 0
48.3674 0
48.4359 0
48.1789 0
47.4278 0
47.2011 0
47.5449 0
47.6909 0
47.0368 0
46.8192 0
46.7694 0
46.4701 0
46.4328 0
45.6466 0
45.5054 0
45.4412 0
45.023 0
45.0538 0
44.666 0
44.3394 0
44.004 0
44.0553 0
43.5794 0
43.8758 0
43.392 0
42.9826 0
42.8842 0
42.7213 0
42.3754 0
42.2333 0
41.9394 0
42.0504 0
41.6018 0
41.5522 0
41.4518 0
41.2487 0
41.1047 0
41.1099 0
40.5692 0
40.3262 0
39.7659 0
39.7235 0
39.617 0
39.5172 0
38.5571 0
38.9821 0
38.3959 0
38.7284 0
38.3286 0
38.259 0
38.1299 0
37.6833 0
37.7082 0
37.6763 0
37.3189 0
36.9166 0
36.9059 0
36.7529 0
36.1044 0
35.8494 0
35.77 0
35.9474 0
35.4335 0
35.4714 0
35.4173 0
35.1343 0
34.8695 0
35.0768 0
35.0764 0
34.7215 0
34.5155 0
34.3653 0
33.8259 0
33.8042 0
33.7042 0
33.2875 0
33.1128 0
32.8722 0
32.8617 0
32.6436 0
32.371 0
31.9194 0
32.4138 0
31.7447 0
31.5115 0
31.5119 0
31.1712 0
31.0102 0
31.532 0
31.0951 0
30.7889 0
31.0545 0
30.6783 0
30.6922 0
30.2134 0
30.5029 0
29.9601 0
29.847 0
29.6159 0
29.6031 0
29.1541 0
29.5441 0
29.3805 0
28.7144 0
28.6094 0
28.6054 0
28.1359 0
28.396 0
28.1226 0
28.1092 0
27.806 0
27.5004 0
27.4507 0
27.8234 0
27.4952 0
27.4415 0
27.6281 0
27.3416 0
27.0097 0
26.8899 0
26.7369 0
26.6541 0
26.1444 0
25.9668 0
26.1089 0
25.7609 0
25.9267 0
25.6747 0
25.7236 0
25.6326 0
25.4441 0
25.1182 0
25.0753 0
24.9666 0
24.8219 0
24.9184 0
24.4014 0
24.8031 0
24.0664 0
24.3583 0
24.2466 0
24.0155 0
24.0196 0
23.5248 0
24.2164 0
23.443 0
23.7046 0
23.308 0
23.0858 0
23.3014 0
22.8283 0
22.9688 0
22.7337 0
22.7007 0
22.6044 0
22.4806 0
22.5608 0
22.222 0
22.2887 0
21.9694 0
21.9686 0
21.51 0
21.6439 0
21.7031 0
21.2184 0
20.9967 0
21.0721 0
20.9032 0
20.7518 0
20.7188 0
20.7482 0
20.5068 0
20.1577 0
20.2164 0
20.2885 0
20.1974 0
19.9722 0
19.5946 0
19.7797 0
19.1144 0
19.7263 0
19.246 0
