0.320318 69.9949
3.7437 69.9876
11.4744 69.978
20.8555 69.9663
27.2426 69.9524
32.7313 69.9364
38.104 69.9181
44.2274 69.8978
49.5806 69.8753
54.0275 69.8506
58.6182 69.8239
62.1725 69.795
65.5875 69.7641
69.1317 69.7311
71.8393 69.696
74.4889 69.6588
76.4077 69.6196
77.9432 69.5784
79.5141 69.5351
80.7142 69.4899
81.7851 69.4426
82.4129 69.3934
83.2296 69.3422
82.8567 69.289
83.508 69.2339
82.8239 69.1769
82.8403 69.1179
82.3368 69.0571
82.0707 68.9944
81.754 68.9298
81.2957 68.8634
80.8061 68.7952
80.1706 68.7252
79.4305 68.6534
79.1343 68.5798
78.1769 68.5045
77.701 68.4274
77.3928 68.3487
76.7836 68.2683
75.9873 68.1863
75.616 68.1027
75.1616 68.0175
75.0201 67.9307
74.3375 67.8424
74.1896 67.7527
73.7224 67.6615
73.061 67.5688
73.1177 67.4748
72.4159 67.3795
72.2364 67.2828
71.8527 67.1849
70.8074 67.0858
71.3074 66.9856
70.9826 66.8842
70.8212 66.7818
70.5549 66.6784
70.1746 66.574
69.9719 66.4687
69.7792 66.3626
69.669 66.2557
69.6312 66.1481
69.4518 66.0398
69.0088 65.931
68.7116 65.8217
68.3733 65.7119
68.4918 65.6018
68.3457 65.4914
68.2553 65.3809
68.0172 65.2702
67.8497 65.1595
67.6079 65.0488
67.5331 64.9384
67.0788 64.8281
66.8002 64.7183
66.635 64.6089
66.5106 64.5
66.5352 64.3918
66.4327 64.2844
66.0777 64.1779
65.8529 64.0723
66.162 63.9679
66.1237 63.8647
65.8113 63.7629
65.6542 63.6625
65.6958 63.5638
65.0882 63.4668
64.8974 63.3717
65.2708 63.2785
64.7935 63.1876
64.4117 63.0989
64.5345 63.0126
64.0723 62.9289
64.232 62.8478
64.1355 62.7697
64.5884 62.6945
64.1012 62.6225
64.0676 62.5539
63.913 62.4886
63.7518 62.427
63.8871 62.3691
63.5353 62.3152
63.1427 62.2653
63.3747 62.2196
63.1031 62.1783
63.0684 62.1415
62.861 62.1095
62.6433 62.0822
62.7115 62.0599
62.7765 62.0428
62.9245 62.031
62.7279 62.0245
62.5771 62.0237
62.8675 62.0285
62.6461 62.0392
62.3422 62.0558
62.5335 62.0786
62.3284 62.1076
62.3297 62.1429
62.6572 62.1847
62.3495 62.2331
62.6148 62.2881
62.0015 62.35
62.7174 62.4186
62.1976 62.4943
62.3413 62.5769
62.489 62.6666
62.5652 62.7635
62.7284 62.8676
62.8167 62.9789
62.9704 63.0974
63.4504 63.2233
63.4462 63.3564
63.2346 63.4969
63.0695 63.6446
63.4162 63.7995
63.6724 63.9617
63.4961 64.1311
64.0845 64.3075
63.7658 64.491
63.9164 64.6813
64.131 64.8785
64.4992 65.0824
64.6811 65.2929
64.6105 65.5097
64.9226 65.7328
64.7405 65.9619
65.2371 66.1969
65.5324 66.4375
65.811 66.6835
65.6627 66.9347
66.6247 67.1907
66.641 67.4514
66.7701 67.7163
66.6359 67.9852
67.218 68.2577
67.0889 68.5336
67.8254 68.8123
68.2489 69.0936
68.2974 69.377
68.765 69.6621
68.9812 69.9485
69.7797 70.2357
69.4894 70.5233
69.8371 70.8108
70.4066 71.0977
70.5176 71.3836
70.8314 71.6678
71.2692 71.9499
71.7833 72.2293
71.6877 72.5056
72.0571 72.7781
72.7875 73.0462
73.1677 73.3095
73.0888 73.5674
73.685 73.8192
74.6658 74.0645
74.5993 74.3026
74.7833 74.5329
75.0275 74.755
75.1049 74.9682
75.3677 75.1719
75.796 75.3657
75.9797 75.5489
75.758 75.7211
75.7913 75.8817
76.5194 76.0302
76.5351 76.1662
76.1311 76.2891
77.0192 76.3985
77.6769 76.494
77.2709 76.5751
77.4026 76.6416
77.2816 76.693
77.9767 76.7291
78.0632 76.7495
77.7391 76.754
77.6749 76.7423
77.6772 76.7144
78.1645 76.6701
78.2105 76.6093
78.1245 76.5318
77.5414 76.4378
77.9418 76.3273
77.6236 76.2003
77.4691 76.057
77.826 75.8975
77.6753 75.7222
77.6344 75.5312
77.3471 75.325
77.4173 75.1038
76.9873 74.8683
76.8663 74.6188
76.5937 74.356
76.7639 74.0804
76.165 73.7926
75.9992 73.4935
75.5683 73.1838
75.0578 72.8642
74.5467 72.5357
74.5086 72.1991
74.2792 71.8554
73.9099 71.5057
73.5781 71.1509
73.4199 70.7921
73.1236 70.4305
72.1292 70.0671
72.246 69.7032
71.8808 69.34
71.207 68.9787
70.8353 68.6205
70.4388 68.2668
70.1121 67.9186
69.9014 67.5775
69.4488 67.2445
68.5271 66.9209
68.1786 66.6081
67.7903 66.3073
67.1127 66.0196
66.7871 65.7463
66.2684 65.4886
66.1325 65.2475
65.6867 65.0241
65.578 64.8194
64.974 64.6345
64.6246 64.4702
64.3394 64.3274
64.3504 64.2068
64.1134 64.1092
64.223 64.0351
63.7296 63.9851
63.7328 63.9596
63.1399 63.9589
63.404 63.9833
63.2841 64.0329
62.9042 64.1078
63.1966 64.2078
62.8509 64.3327
63.0323 64.4822
62.945 64.6559
63.3455 64.8533
62.9774 65.0736
63.3396 65.316
63.2415 65.5798
63.5645 65.8638
63.8613 66.1669
63.8734 66.4878
63.7106 66.8253
64.5314 67.1778
64.4537 67.5439
64.8763 67.9217
65.7843 68.3097
66.2021 68.706
66.7194 69.1087
66.533 69.5159
67.284 69.9256
67.852 70.3356
68.0033 70.7439
68.687 71.1485
69.116 71.5471
69.6845 71.9377
70.0325 72.3181
70.4703 72.6863
71.1027 73.04
71.5041 73.3774
71.919 73.6965
72.6118 73.9954
72.5462 74.2722
72.7653 74.5252
73.044 74.7529
73.6643 74.9538
74.0181 75.1264
74.4892 75.2697
74.8596 75.3825
75.2943 75.464
75.5663 75.5134
76.0161 75.5302
76.1102 75.5141
76.3086 75.4649
76.0137 75.3826
76.3692 75.2676
76.6318 75.1203
76.3488 74.9413
76.8461 74.7316
76.4997 74.4922
76.4107 74.2245
76.3851 73.9299
75.9095 73.6102
76.2313 73.2672
75.7468 72.9031
75.5024 72.52
75.0571 72.1204
74.7937 71.7067
74.3498 71.2818
74.2379 70.8484
73.3899 70.4093
73.6482 69.9677
72.7743 69.5264
72.6363 69.0886
71.6849 68.6574
71.2775 68.2358
70.8817 67.827
70.369 67.4339
70.0073 67.0595
69.645 66.7066
68.6707 66.378
68.5746 66.0763
67.834 65.8037
67.5379 65.5627
67.0763 65.3552
66.4664 65.1829
66.0247 65.0475
65.7819 64.9502
65.2368 64.892
65.1467 64.8736
64.8865 64.8954
64.3246 64.9575
64.4777 65.0596
64.255 65.2012
63.8041 65.3814
63.8009 65.5989
63.6834 65.8523
63.886 66.1396
64.1451 66.4586
63.8991 66.807
64.5353 67.1819
64.9927 67.5804
64.641 67.9991
65.5932 68.4347
65.3941 68.8835
65.9031 69.3417
66.02 69.8052
66.8442 70.2702
66.9836 70.7324
67.013 71.1877
67.7461 71.6321
68.156 72.0614
68.9031 72.4717
69.8757 72.859
70.4438 73.2198
70.9101 73.5505
71.0205 73.8478
71.399 74.1088
72.0374 74.3308
72.903 74.5116
72.8609 74.649
73.4323 74.7416
73.983 74.7882
74.3638 74.7882
74.6889 74.7412
74.7181 74.6475
75.1047 74.5077
75.716 74.323
76.1089 74.0951
75.7514 73.8259
75.556 73.518
75.9764 73.1744
75.7787 72.7984
75.3098 72.3937
75.1253 71.9644
75.2877 71.5149
74.6375 71.0498
74.0285 70.574
73.5271 70.0926
73.2614 69.6106
72.6525 69.1332
72.2533 68.6658
71.6978 68.2135
71.1689 67.7813
70.7556 67.3741
70.2963 66.9967
69.3837 66.6533
68.8949 66.348
68.8394 66.0845
68.3772 65.8661
67.7363 65.6953
67.1442 65.5745
67.2273 65.5053
66.3473 65.4887
66.2739 65.5252
65.7782 65.6147
65.5899 65.7562
65.0796 65.9484
65.238 66.1892
64.9391 66.4759
65.3355 66.8053
65.1293 67.1733
64.9984 67.5759
64.6782 68.008
65.3296 68.4646
65.6468 68.9398
65.2008 69.4279
65.8648 69.9226
66.1842 70.4178
67.0953 70.907
67.2002 71.384
67.3174 71.8425
68.4566 72.2763
69.2142 72.6798
69.8665 73.0474
70.2678 73.3741
71.0269 73.6554
72.2087 73.8872
71.7768 74.0663
72.5423 74.19
72.9519 74.2563
73.3014 74.2642
73.7569 74.2131
74.43 74.1036
74.2532 73.937
74.993 73.7153
74.7809 73.4415
75.069 73.1192
74.9454 72.7529
74.8435 72.3474
74.6966 71.9087
74.3086 71.4428
74.394 70.9565
74.0681 70.4568
73.2461 69.951
73.2806 69.4466
72.9868 68.9511
72.4813 68.472
71.622 68.0165
71.2914 67.5917
71.1435 67.2041
70.1807 66.8598
69.4166 66.5643
69.4721 66.3224
68.6071 66.138
68.4862 66.0142
67.7637 65.9532
67.243 65.9562
67.1077 66.0235
66.6608 66.1542
66.4086 66.3464
65.9905 66.5974
66.2024 66.9031
65.5286 67.2589
65.8747 67.6592
65.6796 68.0975
65.9569 68.5666
65.8081 69.0589
66.0824 69.5664
66.8846 70.0803
66.6497 70.5922
67.1173 71.0932
68.0982 71.5749
68.0529 72.0288
68.6483 72.447
69.4211 72.8222
69.6554 73.1477
70.2887 73.4174
70.8366 73.6267
71.0265 73.7714
72.3785 73.8488
72.493 73.8572
72.332 73.7963
73.0011 73.667
73.099 73.4712
73.6728 73.2125
73.9059 72.8952
74.051 72.525
74.272 72.1087
73.8365 71.6537
73.7155 71.1686
73.5499 70.6621
73.5471 70.144
72.8737 69.6239
73.0252 69.1118
72.7553 68.6175
71.79 68.1507
71.9873 67.7203
71.498 67.335
71.2414 67.0024
70.1408 66.7292
69.5436 66.521
69.3581 66.3822
68.8578 66.3157
68.4445 66.3231
67.9106 66.4046
67.8268 66.5586
66.7999 66.7823
66.6716 67.0713
66.7301 67.42
66.1844 67.8214
66.526 68.2672
66.2285 68.7483
66.4241 69.2549
66.8049 69.7763
66.8983 70.3015
67.3792 70.8195
67.6247 71.3192
67.9363 71.7898
68.2741 72.2211
69.2314 72.6037
69.8034 72.9291
70.2441 73.19
70.6594 73.3805
70.7639 73.4962
71.1291 73.5343
71.7196 73.4938
71.9166 73.3753
72.5573 73.1812
72.7929 72.9157
72.7817 72.5846
73.3234 72.1953
73.0283 71.7564
72.6895 71.2779
73.5089 70.7707
72.7721 70.2466
72.4004 69.7176
72.5739 69.1961
72.044 68.6944
71.6888 68.2244
71.7879 67.7974
71.2657 67.4235
70.705 67.112
70.4067 66.8705
69.7391 66.705
69.6253 66.6197
68.9604 66.617
68.5201 66.6971
68.2408 66.8583
67.5591 67.0969
67.4536 67.407
67.3102 67.7813
67.2003 68.2104
67.2672 68.6838
66.9582 69.1896
66.9879 69.7151
67.0658 70.2469
67.133 70.7714
67.8456 71.2751
67.7382 71.745
68.5727 72.1687
68.6896 72.5352
69.1185 72.8347
69.964 73.059
69.8462 73.2022
70.1843 73.2602
70.7479 73.2313
70.9225 73.1159
71.6966 72.917
71.4817 72.6398
72.328 72.2915
72.5964 71.8815
72.6511 71.4207
72.2785 70.9219
72.3469 70.3985
72.3349 69.865
72.3892 69.3363
71.9368 68.8271
71.7787 68.3518
71.8291 67.9238
71.2091 67.5554
70.8159 67.2571
70.4688 67.0377
69.7156 66.9037
69.7528 66.859
68.8451 66.9053
68.6421 67.0413
67.9844 67.2633
67.8545 67.5651
68.1296 67.9379
67.7346 68.3708
67.7057 68.8513
67.6748 69.365
67.9106 69.8968
67.9142 70.4306
67.5699 70.9505
68.2492 71.4405
68.6441 71.8858
68.9691 72.2726
68.9305 72.589
69.2424 72.8251
69.5415 72.9733
70.0406 73.029
70.6954 72.99
71.1786 72.8576
71.1921 72.6355
71.9596 72.3307
72.0662 71.9526
71.8342 71.5131
72.042 71.0261
72.2226 70.5071
72.1674 69.9728
72.1105 69.4404
71.7036 68.9273
71.6728 68.4501
71.4136 68.0247
71.1037 67.6651
70.6028 67.3833
70.121 67.1888
69.8344 67.0883
69.1844 67.0854
69.0985 67.1802
68.9597 67.3699
68.6902 67.6482
68.3528 68.0058
67.8077 68.4307
68.1506 68.9085
68.0083 69.4229
68.0249 69.9561
68.1633 70.4898
68.3365 71.0054
68.1949 71.4848
68.4932 71.9112
68.8615 72.2694
69.3932 72.5466
69.9935 72.7329
70.1313 72.8214
70.7104 72.8088
71.2178 72.6954
70.8655 72.4849
70.9301 72.185
71.7043 71.8063
72.1404 71.3624
72.1664 70.8696
71.8702 70.3458
71.7934 69.8103
71.9727 69.2829
71.4098 68.7833
71.4903 68.3302
71.0375 67.9407
70.7156 67.6294
70.2004 67.4084
69.898 67.2862
69.9935 67.2676
69.3857 67.3535
68.9217 67.5407
68.7438 67.8224
68.2647 68.1876
68.6387 68.6225
67.8303 69.1101
68.2431 69.6315
67.9577 70.1663
68.2526 70.6934
68.2988 71.1919
68.6252 71.6421
68.6381 72.0258
69.0333 72.3276
69.789 72.5353
70.1569 72.6403
70.1869 72.6381
70.4426 72.5287
71.2639 72.3164
71.2699 72.0097
71.6535 71.6211
71.6943 71.1664
71.6765 70.6644
71.6049 70.1358
71.8297 69.6027
71.5809 69.0874
71.3751 68.6115
70.9387 68.1953
70.9388 67.8564
70.4532 67.6093
70.161 67.4648
69.901 67.4292
69.6631 67.5042
69.2057 67.6867
69.0795 67.969
68.7171 68.3389
68.1931 68.7806
68.4537 69.2746
68.3444 69.7995
68.1177 70.3321
68.7358 70.8488
69.0044 71.3266
68.8138 71.7443
69.6287 72.0829
69.8213 72.3273
69.8453 72.4661
70.4148 72.493
70.3855 72.4066
70.9369 72.2107
71.6661 71.9141
71.5435 71.5302
71.5692 71.0766
71.9455 70.5743
71.745 70.0464
71.5474 69.5175
71.2865 69.0123
71.3207 68.5546
71.0187 68.166
70.6549 67.865
70.0931 67.6659
69.794 67.5783
69.5315 67.6067
69.3823 67.7498
69.11 68.0008
69.0981 68.3478
68.8007 68.7742
68.6317 69.2591
68.3995 69.7792
68.2949 70.3089
68.8241 70.8223
69.0309 71.2939
69.1513 71.7004
69.0901 72.0215
69.6246 72.2411
69.7249 72.348
69.9835 72.3368
70.1616 72.2079
70.2795 71.9676
71.0486 71.628
70.8626 71.2063
70.877 70.7239
71.237 70.2055
71.0605 69.6776
71.1156 69.1677
70.8243 68.702
70.9627 68.3049
70.7445 67.9971
70.2595 67.7949
70.0093 67.7091
69.4898 67.7442
69.4788 67.8987
69.2585 68.1643
69.2081 68.5272
68.9071 68.9679
68.932 69.463
68.751 69.9859
68.3664 70.5083
68.7396 71.002
69.134 71.44
69.2992 71.7985
69.3618 72.0576
70.1187 72.203
70.2329 72.2267
70.2962 72.1271
70.5973 71.9096
71.1683 71.5862
70.9265 71.175
71.5459 70.6988
71.0832 70.1844
71.2486 69.6607
71.1341 69.1576
70.8434 68.7034
70.9831 68.3243
70.3439 68.042
70.4432 67.8728
69.9768 67.8266
69.5719 67.9061
69.4177 68.1069
69.2735 68.4174
68.8305 68.8196
68.8927 69.2901
69.0932 69.8011
68.6391 70.3227
68.9483 70.824
68.9657 71.2751
69.0263 71.6493
69.5005 71.9239
69.5349 72.0825
69.9386 72.1154
70.4343 72.0205
70.4129 71.8034
70.6377 71.4773
70.7277 71.0618
71.0594 70.5823
71.2439 70.0683
71.1587 69.5513
70.8089 69.0632
70.593 68.6343
71.0471 68.2915
70.4347 68.056
69.8695 67.9428
70.0505 67.9591
69.7909 68.1039
69.3882 68.3683
69.3316 68.7355
69.1104 69.1824
68.6921 69.6803
69.2176 70.1975
69.1699 70.7008
69.4299 71.1577
69.4255 71.5386
69.4349 71.8188
69.8308 71.9799
69.8597 72.0114
70.4527 71.9109
70.5512 71.6852
70.6475 71.3488
70.86 70.924
71.4829 70.439
71.4364 69.9259
70.9132 69.419
70.996 68.9522
70.6393 68.557
70.5708 68.2601
70.0961 68.0816
70.0283 68.0337
69.874 68.1198
69.4507 68.3341
69.5542 68.662
69.3798 69.0811
68.9593 69.5626
69.2862 70.073
68.8753 70.5772
69.1241 71.04
69.4765 71.429
69.3753 71.717
69.852 71.8836
69.9504 71.917
70.1147 71.8148
70.7305 71.584
70.6562 71.2412
71.0799 70.8106
71.2558 70.323
70.7878 69.8133
70.4919 69.3185
70.8225 68.8741
70.5238 68.5124
70.5015 68.2598
70.2956 68.1348
69.7112 68.1466
69.8516 68.2945
69.5527 68.5676
69.3738 68.9458
69.3693 69.4012
69.4018 69.9
69.1304 70.4051
68.9107 70.8785
69.2114 71.2849
69.4413 71.5936
69.8892 71.7812
69.7475 71.8335
70.0544 71.7464
70.2441 71.5264
70.5793 71.1904
70.8408 70.7639
70.7818 70.2799
70.8957 69.7754
70.981 69.2895
70.3106 68.86
70.4042 68.5203
70.0087 68.297
69.831 68.2076
69.4666 68.2592
69.4435 68.4478
69.4676 68.7586
69.444 69.167
69.465 69.6407
69.2006 70.1417
69.2598 70.6302
69.3402 71.0669
69.4633 71.4167
69.1302 71.6512
69.7575 71.7514
69.5566 71.7092
70.2596 71.5279
70.2623 71.2222
70.4377 70.8172
70.522 70.346
70.5961 69.8475
70.6362 69.3629
71.0289 68.9323
70.601 68.5917
70.2688 68.3693
70.4332 68.284
70.5532 68.3428
70.0222 68.541
69.6007 68.8619
69.6418 69.2783
69.0132 69.7548
69.3692 70.2511
69.6412 70.7247
69.6426 71.1349
69.6244 71.4466
70.1197 71.6329
69.8871 71.6775
69.9519 71.5766
70.6587 71.3389
70.5756 70.985
70.4903 70.5459
70.8528 70.0601
71.0115 69.5702
70.7122 69.1195
70.6267 68.7479
70.1764 68.4883
70.3698 68.3639
69.9276 68.3859
69.9753 68.5524
69.9127 68.8484
69.0733 69.2473
68.6507 69.7131
69.0499 70.2038
69.3761 70.6746
69.0644 71.0828
69.4347 71.391
69.1667 71.571
69.5052 71.6062
70.0501 71.4932
70.2039 71.2426
70.4589 70.8774
70.6424 70.4316
70.3901 69.9467
70.4997 69.4681
70.4604 69.0406
70.5421 68.7044
69.8181 68.4913
69.8076 68.4213
69.606 68.5013
69.5832 68.7236
69.4007 69.0671
69.251 69.4989
69.0725 69.9776
69.245 70.4572
69.1517 70.8915
69.4376 71.2384
69.811 71.4643
69.439 71.5471
70.026 71.4787
70.2662 71.2658
70.0856 70.9293
70.6284 70.5022
70.3307 70.0267
70.6238 69.5498
70.656 69.1188
70.3031 68.7766
70.0861 68.5575
69.8855 68.4832
69.9824 68.5614
69.5527 68.7842
69.6527 69.129
69.9496 69.5612
69.1194 70.0367
69.5044 70.5072
69.7763 70.9247
70.0501 71.2465
69.9165 71.4395
69.995 71.4839
69.945 71.375
70.449 71.1241
70.5198 70.7572
70.379 70.3125
70.1143 69.8364
70.2682 69.3786
69.9101 68.9873
70.0737 68.7035
69.9654 68.5574
69.561 68.5642
69.6552 68.7233
69.3948 69.0179
69.7528 69.4164
69.1653 69.8763
69.3906 70.3483
69.3026 70.7815
69.2855 71.1293
69.6773 71.354
69.7421 71.4313
70.0916 71.3527
70.4818 71.1269
70.0755 70.7784
70.3731 70.3455
70.7775 69.8758
70.327 69.421
70.0501 69.0315
70.1722 68.7503
70.2036 68.6088
69.8077 68.6227
70.0115 68.7905
69.8681 69.0934
69.4962 69.4973
69.4548 69.9567
69.6577 70.4198
69.4687 70.8342
69.5442 71.1526
69.6669 71.339
70.3407 71.3719
70.1313 71.2477
70.8053 70.9806
70.8427 70.6013
70.6029 70.1537
71.0642 69.6894
70.8343 69.2625
70.807 68.9225
70.6374 68.7092
70.124 68.6474
70.1546 68.7444
70.1261 68.9888
69.6898 69.3518
69.9906 69.7905
69.4987 70.2527
69.6384 70.6838
69.5741 71.0321
69.944 71.2562
70.1368 71.3291
70.3719 71.2423
70.3875 71.006
70.6506 70.6489
70.5063 70.2142
70.8276 69.7546
70.5872 69.3262
70.4149 68.9812
70.2617 68.7618
69.9059 68.6949
69.7987 68.7887
69.7265 69.0317
69.9967 69.3937
69.372 69.8299
69.5857 70.2861
69.6095 70.7053
69.8572 71.0353
69.6585 71.2347
69.6188 71.2784
69.948 71.161
69.9813 70.8974
70.0128 70.5208
70.7737 70.0791
70.131 69.6287
70.548 69.2268
70.2122 68.9249
70.0686 68.7617
69.928 68.7582
70.1225 68.9149
69.649 69.2113
69.4684 69.6091
69.4947 70.0566
69.5085 70.4955
69.5494 70.8685
70.1156 71.1268
70.2041 71.2364
70.6094 71.183
70.5454 70.9737
70.6497 70.6361
70.7212 70.2151
70.496 69.7667
70.4261 69.3506
69.8504 69.0224
69.8309 68.8262
69.8417 68.7881
70.0401 68.9134
69.669 69.1851
69.5681 69.5663
69.1673 70.0053
69.331 70.4424
69.0488 70.8179
69.2841 71.0805
69.512 71.1943
69.8181 71.1436
69.6835 70.9355
70.5788 70.5987
70.2839 70.18
70.2326 69.7374
70.2674 69.3326
70.0392 69.022
70.0185 68.8492
69.5238 68.8382
69.7361 68.9906
69.4404 69.2849
69.8035 69.6794
69.8932 70.1182
69.9532 70.539
69.8342 70.8819
70.057 71.098
69.8256 71.1563
69.8633 71.0486
70.5705 70.7904
70.2693 70.4189
70.3127 69.988
70.5808 69.56
70.2629 69.1971
70.1075 68.9521
69.6432 68.8608
69.6494 68.9365
69.7055 69.1679
69.1352 69.5212
69.3358 69.9439
68.7542 70.3738
69.2424 70.7472
69.3576 71.0084
69.6126 71.1188
69.8488 71.0619
70.1447 70.8462
70.1333 70.5042
70.7896 70.0873
70.6416 69.6585
70.6298 69.2824
70.6445 69.0162
70.1837 68.9
70.0314 68.9517
69.8541 69.1632
69.8039 69.5022
69.7138 69.9165
70.1516 70.3425
69.8552 70.7145
70.0298 70.9751
70.0476 71.0839
70.1801 71.0242
70.1547 70.8052
70.4272 70.4612
70.2631 70.0461
70.4766 69.625
70.525 69.2639
70.8846 69.0198
70.4137 68.9313
70.1662 69.0121
69.9473 69.2495
69.6929 69.6056
69.8386 70.0235
69.702 70.4365
69.9938 70.7784
70.0411 70.9944
70.269 71.0496
70.1984 70.9352
70.2342 70.6699
70.4016 70.2967
70.6828 69.8764
70.1858 69.4773
70.3214 69.1648
70.342 68.99
69.851 68.9813
69.8593 69.1403
69.7519 69.4406
70.4488 69.8326
69.7472 70.2511
69.5505 70.6267
69.5947 70.897
70.1043 71.0167
69.86 70.9661
70.1951 70.7535
70.6495 70.415
70.8347 70.0075
70.6815 69.5999
70.8896 69.2611
70.5689 69.0488
70.2172 68.9988
70.3249 69.1197
70.0038 69.3907
69.6984 69.7653
70.0203 70.179
70.2747 70.5609
70.4245 70.8448
70.6265 70.9818
70.5487 70.9483
70.6057 70.7501
70.6971 70.4218
70.4384 70.0209
70.7016 69.6174
70.5638 69.2822
70.2817 69.0742
70.2563 69.0299
70.1614 69.157
70.1277 69.433
69.8588 69.8089
69.9349 70.2176
69.8044 70.5864
69.7991 70.8493
69.9744 70.9594
70.5832 70.8969
70.4635 70.6732
70.5229 70.3287
70.4729 69.9258
70.2156 69.5375
70.6313 69.2343
70.1749 69.0714
70.3475 69.0784
69.9727 69.254
69.8209 69.5658
69.7712 69.9564
69.5462 70.354
69.8785 70.685
69.831 70.8884
69.7932 70.9264
69.6242 70.7922
69.8136 70.5107
70.1724 70.1347
69.8203 69.7346
70.1314 69.3854
70.0833 69.1528
69.9289 69.0805
69.9416 69.1821
69.6341 69.4383
69.5587 69.8003
69.4921 70.1992
69.2443 70.559
69.4 70.8109
69.8779 70.9068
69.6812 70.8284
69.7388 70.5909
69.9605 70.2401
70.1177 69.844
69.9521 69.4792
70.0431 69.2166
70.1571 69.1072
69.9175 69.1721
69.8606 69.3988
69.4814 69.7425
69.593 70.1357
69.516 70.5012
70.1089 70.7667
69.8541 70.8799
69.8792 70.8184
69.734 70.5946
70.1373 70.2531
69.9282 69.8622
70.1456 69.5
69.9523 69.2389
69.7639 69.1315
70.0172 69.1992
69.9742 69.4282
69.6111 69.7722
69.6703 70.1613
69.7892 70.5165
69.8604 70.7655
70.208 70.8577
69.81 70.7742
70.5247 70.5324
69.9221 70.1819
70.3284 69.7951
70.3909 69.4516
70.3314 69.2225
70.1057 69.1552
69.7395 69.2635
69.5922 69.5248
69.7032 69.8844
69.6488 70.2671
69.7594 70.5927
70.2694 70.7929
69.5715 70.8257
70.1037 70.6842
69.9262 70.3986
70.1698 70.0293
70.3437 69.6549
70.0315 69.3551
69.9868 69.1936
70.0395 69.205
69.9099 69.3866
69.4013 69.6993
69.4888 70.0758
69.7507 70.4348
69.7803 70.6989
69.578 70.8108
69.8026 70.7464
70.0707 70.5199
69.7647 70.1807
70.1186 69.8031
70.1882 69.4697
70.1368 69.2536
69.9962 69.2023
69.8392 69.327
69.4345 69.5999
69.7042 69.9605
69.5384 70.3288
69.6887 70.623
69.7212 70.7775
69.9494 70.7579
69.6699 70.5689
70.2264 70.2528
70.7758 69.8809
69.8888 69.5369
69.8458 69.2984
69.8173 69.2194
69.7563 69.3175
69.9785 69.5704
69.7527 69.9203
69.9119 70.2873
69.7894 70.5876
69.791 70.7523
69.6011 70.7438
69.9756 70.5642
70.18 70.255
69.7698 69.8877
69.6494 69.5476
70.0708 69.3135
69.8594 69.2398
69.9395 69.3435
69.9126 69.6002
70.1151 69.9498
69.8638 70.3101
69.8417 70.5964
69.9156 70.7413
69.9982 70.7108
70.1772 70.5122
70.165 70.1928
70.2585 69.8285
70.1288 69.5061
70.1061 69.3025
69.8963 69.2664
69.7994 69.4062
69.8693 69.6881
69.4788 70.0443
69.8781 70.3887
70.0795 70.6382
69.9021 70.7323
70.0873 70.6484
70.1639 70.4071
70.4851 70.0672
70.5888 69.712
69.9544 69.4284
70.3661 69.2858
70.2064 69.3191
69.9825 69.5201
70.169 69.839
69.9158 70.1967
70.0886 70.5046
69.8413 70.6862
70.1586 70.6964
70.1651 70.533
70.1141 70.2367
70.0554 69.8821
69.8888 69.5582
70.1725 69.3463
69.9642 69.2999
69.7574 69.4304
69.5784 69.7047
69.9572 70.0531
69.7557 70.3869
69.9823 70.6212
69.6513 70.6962
70.1651 70.5929
70.0317 70.338
70.3769 69.997
70.0776 69.6579
70.051 69.408
70.0914 69.3118
70.1581 69.3942
69.9912 69.6335
69.6676 69.9674
70.0155 70.3088
69.7416 70.5685
69.936 70.6787
70.0536 70.6106
70.1772 70.3822
70.2127 70.054
70.1504 69.7125
70.4101 69.448
69.8675 69.3306
70.0304 69.3912
69.7113 69.6136
69.9148 69.9383
70.1012 70.2785
70.0666 70.5431
70.0632 70.6613
70.1829 70.6014
70.3311 70.3797
70.3483 70.0563
70.6015 69.7186
70.1558 69.4582
70.2956 69.3457
69.7166 69.4115
69.7725 69.6376
69.9932 69.9619
69.7957 70.2957
70.273 70.5474
69.8541 70.6478
70.2249 70.5696
70.1405 70.3344
70.2572 70.0075
69.9435 69.6794
70.222 69.4415
70.0268 69.3596
70.1689 69.4564
70.1761 69.7049
70.2997 70.0351
69.7957 70.3545
70.0349 70.5733
70.3332 70.63
70.2601 70.5088
70.2954 70.2441
70.6772 69.911
70.3473 69.6043
70.2302 69.411
70.5 69.3862
70.179 69.5368
70.2317 69.8194
69.6598 70.153
70.0147 70.4415
69.7132 70.6021
70.1516 70.5886
69.9049 70.4049
70.0122 70.1046
70.1346 69.7748
70.0733 69.5116
70.0847 69.3914
70.013 69.4493
69.2465 69.668
69.7471 69.9834
69.354 70.3027
69.5339 70.532
69.684 70.6036
69.4817 70.4968
69.984 70.2432
69.8272 69.9182
69.474 69.6186
70.0749 69.4335
70.0501 69.4179
69.9403 69.5764
69.7439 69.8613
69.9702 70.187
70.033 70.4554
69.9838 70.5857
69.7996 70.5389
69.6924 70.3291
69.9468 70.0203
70.2207 69.7062
69.9001 69.4825
70.0753 69.4173
70.1099 69.5303
69.6325 69.7867
69.9303 70.1077
69.827 70.3947
69.8863 70.5592
70.1401 70.5507
69.7649 70.372
70.3554 70.0786
70.2341 69.7618
70.279 69.52
70.354 69.4285
70.3326 69.5156
70.1601 69.754
70.0655 70.0687
70.1087 70.3609
70.2558 70.5386
70.5765 70.546
70.4818 70.381
70.6033 70.0959
70.2696 69.7813
70.533 69.5372
70.2176 69.4411
70.3119 69.5235
69.7738 69.7579
70.268 70.0691
69.6369 70.3571
70.0672 70.5295
70.3491 70.5309
70.1882 70.361
69.9947 70.0749
70.2002 69.7655
70.1139 69.5331
70.1782 69.4533
70.1043 69.5517
69.6984 69.7962
70.2019 70.1065
69.5802 70.381
69.5668 70.5295
69.8997 70.5035
69.7694 70.3117
70.1371 70.0175
69.6853 69.7185
69.7395 69.5137
69.5317 69.471
69.5055 69.6044
69.4516 69.8692
69.6484 70.1769
69.8286 70.4244
69.9458 70.5289
70.0001 70.4554
70.0198 70.229
70.0643 69.926
69.6201 69.649
69.6871 69.4917
69.732 69.5071
69.6587 69.69
70.0968 69.9777
69.7769 70.2722
70.2138 70.4728
69.9511 70.5109
70.0237 70.3737
70.3613 70.1086
69.9073 69.8069
70.0603 69.5728
70.1248 69.487
70.106 69.579
69.9716 69.8168
69.6848 70.1175
69.7505 70.3763
69.8619 70.5031
69.9563 70.4537
69.6799 70.2456
70.1023 69.952
69.9897 69.6763
70.0285 69.5153
69.9268 69.5259
69.7999 69.7039
69.6092 69.9862
69.9653 70.2725
69.6027 70.4611
69.9799 70.4849
69.7171 70.3356
69.8907 70.0669
69.8919 69.7751
70.039 69.5648
70.2599 69.5116
70.1726 69.6344
69.8689 69.8887
70.0478 70.1824
70.0682 70.4091
70.0054 70.4867
70.2228 70.3872
70.2718 70.1471
70.4816 69.854
70.0688 69.6153
70.1124 69.5181
70.0366 69.598
70.1964 69.8253
69.9236 70.1163
69.8605 70.3634
69.8078 70.4755
70.242 70.4112
70.0814 70.1946
70.2914 69.9064
69.905 69.654
70.071 69.5314
70.046 69.5842
69.7529 69.7925
69.871 70.078
70.0607 70.3332
69.9111 70.4623
70.0251 70.4166
70.3097 70.2137
69.8545 69.9306
70.2738 69.6747
69.6302 69.5432
70.0807 69.5859
69.8027 69.7863
69.8064 70.0677
70.1353 70.3223
69.5688 70.4526
69.7815 70.4087
69.8287 70.2077
70.1054 69.9273
70.1912 69.6759
70.093 69.5506
70.1024 69.5999
70.1322 69.8043
70.161 70.0842
69.8651 70.3304
70.2471 70.4468
70.0628 70.3882
69.8621 70.1777
70.4549 69.8981
70.1709 69.6595
69.9379 69.5558
70.1866 69.6276
69.729 69.8464
70.0555 70.1254
69.5325 70.3537
70.1211 70.4407
70.0853 70.352
69.8959 70.1232
70.3211 69.8459
70.286 69.6312
69.9331 69.565
70.0288 69.6739
69.7982 69.9136
70.0662 70.1874
70.1126 70.3846
70.1498 70.4256
70.1495 70.294
69.9036 70.0434
70.1832 69.7759
70.2767 69.6007
69.701 69.589
69.8174 69.7454
69.8333 70.0057
69.9833 70.2628
69.4403 70.411
70.233 70.3894
70.2618 70.2073
70.1086 69.94
70.3039 69.6985
69.9204 69.5828
70.1423 69.6408
69.9635 69.8482
69.841 70.1182
69.9181 70.338
69.9648 70.4156
70.0011 70.3187
70.5473 70.0882
70.0803 69.8214
69.9677 69.6307
70.1043 69.5965
69.8694 69.7331
70.0281 69.9824
69.7336 70.2383
69.8859 70.392
69.7092 70.3783
70.0619 70.2032
70.1263 69.9418
70.1946 69.7061
70.0314 69.5973
69.6522 69.6619
69.988 69.8718
70.0299 70.1363
70.0899 70.3411
69.4315 70.3976
70.1039 70.2816
70.0213 70.0436
70.0134 69.7875
69.9638 69.6248
69.8866 69.6264
69.4546 69.7914
69.776 70.0472
69.4344 70.2815
70.1806 70.3913
70.0601 70.3284
70.5207 70.1209
70.2426 69.8606
70.5983 69.6628
70.0638 69.6152
70.206 69.7387
69.9696 69.978
70.2391 70.2264
69.9127 70.3728
69.7937 70.3521
70.0701 70.1736
70.242 69.9178
70.3266 69.6998
70.5294 69.6177
69.9367 69.7083
70.0399 69.9305
69.8027 70.1834
70.0728 70.3523
69.6015 70.3606
70.0166 70.2048
69.8439 69.9561
69.9978 69.7283
69.997 69.6255
69.697 69.6946
69.6818 69.9037
69.9576 70.1564
70.11 70.3362
70.1419 70.3604
70.299 70.2179
70.008 69.975
69.7817 69.7445
69.9554 69.6334
69.969 69.6933
69.9747 69.8959
69.9349 70.1465
69.9567 70.3277
69.6495 70.3548
69.8279 70.2153
69.8973 69.9751
69.9922 69.7473
69.9182 69.6395
70.0132 69.7024
70.4502 69.9059
69.7951 70.1534
70.3006 70.3272
69.4912 70.3448
70.13 70.198
69.9287 69.9572
70.3561 69.7376
69.9438 69.6444
69.7139 69.7221
70.0016 69.9331
69.8365 70.1756
69.8111 70.3326
70.0718 70.3285
70.1951 70.1654
69.795 69.9227
70.1658 69.7183
70.1218 69.6516
70.2087 69.7548
69.9407 69.9773
70.0443 70.2101
70.0999 70.3394
70.5593 70.3018
69.9265 70.1161
70.2595 69.8739
69.9647 69.6946
69.894 69.6667
69.9278 69.8037
70.1818 70.0374
69.848 70.2519
70.066 70.3404
69.4696 70.2592
69.7105 70.049
69.999 69.815
70.1314 69.6743
70.3953 69.6973
69.5843 69.8722
70.0985 70.1107
70.2586 70.2927
70.1738 70.3264
70.2841 70.1951
69.9881 69.9654
70.2781 69.7541
70.2402 69.6683
70.3406 69.7515
70.1266 69.9611
69.9081 70.1898
70.2631 70.3208
69.8483 70.287
69.9135 70.1062
70.0712 69.8714
69.558 69.7035
69.609 69.689
69.738 69.8351
70.0222 70.066
70.1812 70.2619
70.1549 70.3213
70.289 70.2135
70.2636 69.9949
70.3883 69.7797
70.2439 69.6803
70.3506 69.7484
69.8361 69.9482
70.3183 70.1745
69.8987 70.3083
70.1328 70.2794
70.268 70.1031
70.1892 69.873
70.01 69.7109
69.9787 69.7025
69.8133 69.8521
69.7588 70.0798
70.2279 70.2643
69.8203 70.3072
69.9356 70.1858
70.2682 69.9653
70.5473 69.7642
70.139 69.6904
69.9493 69.7833
69.5558 69.9927
70.0069 70.2053
69.9032 70.3063
69.967 70.2411
70.3311 70.0454
70.1151 69.8257
69.711 69.7015
70.1849 69.7404
69.8229 69.9208
69.8656 70.1439
69.7855 70.2875
69.7901 70.2729
70.0119 70.1085
70.0469 69.8849
70.1431 69.7255
69.8011 69.7181
69.9043 69.8666
69.5278 70.0884
69.7433 70.2605
69.9705 70.2873
69.9257 70.1541
69.8153 69.9355
70.0343 69.7536
69.8917 69.7101
69.8843 69.829
69.9926 70.0434
69.9834 70.2328
69.975 70.2905
70.1901 70.1843
70.1901 69.9744
70.4278 69.7797
69.7116 69.7104
70.2005 69.8056
70.0285 70.0108
69.766 70.2093
70.3335 70.2878
69.8541 70.2017
70.4137 70.0006
69.9349 69.7998
69.9418 69.7145
70.0423 69.7935
70.5285 69.991
69.8979 70.193
69.8059 70.283
70.3318 70.2091
69.9999 70.0143
70.1837 69.8119
70.1149 69.7195
70.0198 69.7905
70.1954 69.9833
70.0994 70.1853
69.6803 70.2783
70.1311 70.208
70.0676 70.016
69.6498 69.8152
69.811 69.7238
69.826 69.7955
70.0629 69.9875
69.5494 70.1863
70.0605 70.2742
69.9053 70.1992
69.9777 70.0062
69.8234 69.8101
69.9239 69.7279
69.9105 69.8082
69.936 70.0029
69.8578 70.1952
70.0973 70.2698
69.7678 70.1823
70.0018 69.9854
69.8554 69.798
69.9514 69.733
69.8205 69.8296
70.2339 70.029
70.1368 70.2101
69.7058 70.2631
70.0163 70.156
70.1889 69.9543
70.1266 69.7811
70.0297 69.7422
69.9977 69.8611
69.7688 70.0647
69.4488 70.2279
69.7653 70.2505
69.5858 70.1189
69.712 69.9144
70.1011 69.7635
70.1847 69.7593
69.8348 69.9042
69.9557 70.1081
69.943 70.2441
70.2919 70.2278
70.1949 70.0696
69.957 69.8685
70.0041 69.7503
70.1492 69.7888
70.1068 69.9596
70.0323 70.1552
70.2655 70.2525
70.1959 70.1905
69.7305 70.0085
70.3166 69.8218
70.2902 69.7484
69.9331 69.8348
70.2896 70.0257
69.7355 70.1997
69.8298 70.2459
69.8738 70.1352
69.8369 69.9385
70.1299 69.7818
69.9898 69.7654
69.9519 69.8996
69.8634 70.0978
69.8862 70.2324
70.0995 70.2168
69.9596 70.0613
69.8568 69.8667
70.0007 69.7591
69.833 69.808
69.8032 69.9815
69.9784 70.1664
70.1789 70.2423
70.2557 70.1599
70.4012 69.9732
70.8722 69.8048
70.1094 69.7648
70.1333 69.8793
69.8702 70.0728
69.9359 70.2177
70.1289 70.2185
69.9752 70.0751
70.0563 69.8824
70.0174 69.7683
70.3077 69.8083
70.0691 69.9754
69.8368 70.1584
70.5059 70.2352
69.8769 70.1548
69.8462 69.9712
69.759 69.8075
70.0164 69.7735
70.0396 69.8916
70.0258 70.0822
69.7988 70.2168
70.1718 70.2048
70.1822 70.0544
69.9866 69.8678
69.7737 69.7713
69.9123 69.8304
70.2709 70.0044
69.785 70.1749
69.7677 70.2256
69.7758 70.1222
69.7607 69.9356
70.0875 69.7937
69.8205 69.7938
69.6957 69.9354
70.2925 70.121
69.8376 70.2226
69.6197 70.1704
69.7619 70.0006
70.1018 69.8311
70.1847 69.7791
70.0808 69.8806
70.1068 70.0647
69.9737 70.2032
69.8566 70.1996
69.8471 70.0568
70.7637 69.8747
69.9702 69.781
70.042 69.8411
70.116 70.0126
70.2064 70.1746
69.7333 70.2131
70.3186 70.1013
70.1017 69.9183
70.0625 69.7937
69.725 69.8157
69.7807 69.9683
69.6465 70.143
70.268 70.2153
70.1282 70.134
69.7328 69.9574
70.2363 69.8118
69.6922 69.8014
69.8242 69.9333
69.5229 70.1127
69.6828 70.2104
69.6028 70.1563
70.1729 69.9898
69.7474 69.8312
69.7497 69.7951
69.8127 69.9075
69.6762 70.0866
69.8577 70.2022
69.5844 70.1703
69.9718 70.0145
69.6887 69.8487
69.6377 69.7939
69.7434 69.8901
69.9092 70.0664
70.3433 70.1934
69.4973 70.1779
70.0723 70.0316
69.8246 69.8624
69.893 69.7954
69.8444 69.8798
70.1635 70.0528
69.9635 70.1861
69.9572 70.1808
70.2362 70.0412
69.8512 69.8714
69.9816 69.798
70.0211 69.8757
69.9657 70.046
69.9537 70.1813
70.0996 70.1802
69.7691 70.0439
70.1784 69.875
69.8181 69.8008
70.026 69.8771
69.8308 70.0459
70.11 70.1795
70.1484 70.1766
69.9736 70.0399
70.1105 69.8733
70.1095 69.8037
69.9091 69.8838
70.1555 70.0523
69.9996 70.1803
70.3972 70.1699
69.8521 70.0295
70.1645 69.8669
70.1224 69.8071
69.5736 69.8959
69.56 70.0646
70.1421 70.1828
70.5554 70.1594
70.1798 70.0127
70.2147 69.8567
70.3702 69.8124
70.2497 69.914
70.4022 70.0822
69.832 70.1857
69.9206 70.144
70.0802 69.9899
69.8725 69.8442
70.1033 69.8211
69.9127 69.9385
69.7936 70.1037
69.6847 70.1868
69.9788 70.1224
69.7486 69.9616
70.2767 69.8317
70.0037 69.8354
69.7944 69.9696
69.9022 70.1274
69.9637 70.1834
69.8592 70.0933
69.9558 69.9291
69.8778 69.8221
70.1828 69.8577
69.9268 70.007
70.0869 70.1503
70.2143 70.1724
70.2421 70.0559
70.3122 69.8948
70.5024 69.8191
70.1244 69.8896
70.2074 70.0492
69.8274 70.1684
69.9844 70.1507
70.0859 70.0107
70.1863 69.8626
69.4084 69.8268
70.0012 69.9323
69.591 70.0927
70.1309 70.1768
69.9654 70.1159
70.1276 69.9602
70.2004 69.8377
69.9241 69.8491
70.1091 69.9846
70.2512 70.1323
70.0913 70.1703
69.8953 70.0674
70.074 69.909
70.0846 69.8266
69.7385 69.8884
69.6422 70.0427
69.7423 70.1609
70.1235 70.1447
69.8259 70.0077
70.0673 69.8648
70.1871 69.8355
70.0599 69.9442
69.9571 70.0993
70.3447 70.1704
70.5368 70.0978
70.3671 69.9431
70.3167 69.8369
70.2885 69.8689
69.8607 70.0117
69.9692 70.1441
70.0283 70.1538
69.7878 70.0327
69.7826 69.8842
69.691 69.8349
69.8202 69.9266
69.9397 70.0807
69.8753 70.1652
69.6466 70.1079
70.3528 69.9583
69.8705 69.845
69.8031 69.8655
69.9605 70.0018
69.7872 70.1361
69.8159 70.1524
70.5387 70.0368
70.2915 69.8898
70.1467 69.8388
70.5438 69.928
70.291 70.0795
70.4442 70.1612
70.2766 70.1021
70.7152 69.954
70.2952 69.8467
70.2797 69.874
70.1378 70.0117
70.2291 70.1386
69.9099 70.1433
70.4427 70.0218
70.4118 69.8815
69.8569 69.8463
69.8459 69.9471
69.9391 70.0943
69.595 70.1574
70.0099 70.0806
69.896 69.9324
70.0239 69.8449
69.8412 69.8959
69.6527 70.0396
69.7372 70.1475
70.2673 70.123
70.1071 69.9884
70.2061 69.8647
70.5125 69.863
70.3241 69.9846
70.0944 70.1196
70.0915 70.1463
70.0614 70.0408
70.0936 69.8988
69.6835 69.8489
69.5963 69.9363
69.839 70.0812
69.622 70.1518
69.9466 70.0839
69.8553 69.9398
70.0428 69.8512
70.0671 69.8989
69.9894 70.039
69.7884 70.1429
69.8851 70.1153
69.9175 69.9818
69.9012 69.8656
70.1097 69.8736
69.6992 69.9982
70.2181 70.124
69.6165 70.1347
70.0516 70.0205
70.0716 69.8877
69.9522 69.8597
70.0567 69.9623
69.6674 70.0996
70.482 70.1436
69.8458 70.0534
70.2388 69.9136
69.947 69.8552
69.8077 69.9328
70.1097 70.0732
69.7482 70.1443
70.0227 70.0793
69.92 69.9398
69.9983 69.8576
69.9949 69.9102
69.9648 70.0476
70.1563 70.1394
69.9457 70.0986
70.1387 69.9643
69.9245 69.8644
70.0072 69.894
69.6294 70.0246
69.8624 70.1312
70.0453 70.112
69.9657 69.9857
69.8663 69.8735
70.0381 69.8831
69.9537 70.0051
69.9009 70.1217
69.9889 70.1206
70.1458 70.0032
70.0172 69.8831
69.8237 69.8765
69.9382 69.9896
70.0793 70.1124
70.0844 70.1255
69.9695 70.0165
69.6877 69.8918
69.9421 69.873
69.3381 69.9782
70.0324 70.1044
69.6669 70.1279
69.6819 70.026
69.5804 69.8989
70.0948 69.8717
70.1014 69.9708
69.6247 70.0983
69.6924 70.1284
69.9997 70.0316
69.9692 69.9038
70.0636 69.8718
70.0671 69.967
70.1361 70.0946
69.7881 70.1277
69.7821 70.0336
69.7457 69.9063
69.8436 69.873
70.4326 69.9667
70.1378 70.0934
70.1679 70.1261
70.0243 70.0321
69.9269 69.9062
70.0365 69.8751
70.2072 69.9698
70.0434 70.0947
70.4544 70.1235
70.2005 70.0273
70.1126 69.9039
70.1261 69.8783
70.2797 69.9763
69.8456 70.098
69.9984 70.1196
70.1568 70.0193
69.8218 69.8996
70.1703 69.8829
70.0438 69.986
69.9587 70.1031
70.0267 70.114
70.1665 70.0079
69.662 69.8941
70.0571 69.8896
69.5838 69.999
69.7398 70.109
70.1609 70.106
69.5446 69.9934
69.6821 69.888
69.6805 69.8992
70.0907 70.0149
69.7259 70.1148
70.2438 70.0948
69.763 69.9761
70.2869 69.8828
69.914 69.9123
69.7032 70.0335
70.2636 70.1192
70.2807 70.0795
69.8049 69.9565
69.8982 69.8797
69.8744 69.9298
69.973 70.0537
69.6826 70.1205
69.8462 70.0597
69.6697 69.9359
69.8133 69.8805
70.0981 69.952
70.2563 70.0742
70.2094 70.1171
70.152 70.0351
70.0266 69.916
70.2983 69.887
70.0483 69.9789
69.7822 70.0931
69.7045 70.1071
69.8365 70.0062
70.1631 69.899
70.0514 69.9008
70.2363 70.0094
69.9904 70.1075
70.0104 70.0892
69.8776 69.9745
70.0121 69.8879
69.9174 69.923
69.6826 70.0416
70.2869 70.1145
69.9028 70.0627
69.6296 69.9427
70.3721 69.8857
69.9317 69.9536
70.0037 70.072
70.2442 70.1112
70.0734 70.0284
70.1913 69.9148
69.8742 69.8952
70.3033 69.991
69.9941 70.0964
69.9 70.0951
69.9661 69.9889
70.0345 69.8953
70.168 69.9179
70.4436 70.0314
69.7754 70.1096
69.7406 70.0658
70.1337 69.949
69.7455 69.8894
70.079 69.9533
70.229 70.0691
70.3873 70.1073
69.7853 70.0253
70.2622 69.9153
69.9064 69.9007
69.6926 69.9977
70.1823 70.097
69.7054 70.0867
69.9232 69.9787
69.933 69.8952
69.9266 69.9304
69.7656 70.0442
69.7962 70.1076
70.2171 70.0487
69.7365 69.9348
69.7035 69.8954
69.962 69.9752
69.7704 70.083
69.9732 70.0957
70.1503 69.999
70.0042 69.9038
70.0085 69.9191
70.2082 70.0271
70.1116 70.1036
69.932 70.0607
70.2745 69.9482
70.0857 69.8957
70.1891 69.9637
69.7368 70.0734
70.2117 70.0978
69.7905 70.0089
69.9303 69.91
69.63 69.9159
69.9905 70.0195
69.8735 70.1
70.1489 70.0637
70.0498 69.9533
69.9557 69.8978
69.7251 69.962
70.1611 70.0705
70.1226 70.096
69.8892 70.0088
69.8071 69.9116
70.2669 69.9187
70.2762 70.0215
70.0448 70.0986
70.0814 70.059
70.2462 69.9499
69.821 69.9004
70.0807 69.9691
70.415 70.0742
69.9641 70.0908
70.1651 69.9995
70.106 69.9091
70.4321 69.9274
69.9722 70.0322
70.0807 70.0982
69.9614 70.0465
70.0555 69.9393
69.7464 69.9052
70.0568 69.985
69.976 70.0825
69.9769 70.0804
70.0828 69.9815
69.7281 69.9053
69.9235 69.9437
70.502 70.05
70.0832 70.0954
70.2849 70.0251
69.7471 69.9245
70.149 69.916
70.0054 70.0096
69.7717 70.0912
69.9784 70.0613
69.9662 69.9567
70.1223 69.9054
69.9612 69.9699
70.3602 70.071
70.4018 70.0847
70.1167 69.9943
70.5635 69.9113
70.5193 69.9377
70.3113 70.0407
70.1045 70.0932
69.7499 70.0304
70.1827 69.9303
70.0099 69.9168
69.9713 70.0064
70.0551 70.0878
70.084 70.0598
69.8946 69.9576
70.1054 69.9085
70.0689 69.9736
70.3634 70.0714
70.0761 70.0796
70.0275 69.9882
69.9929 69.9119
70.2007 69.9463
69.5771 70.0479
70.0292 70.089
70.0394 70.018
69.6481 69.9246
69.6301 69.9266
70.3347 70.0213
69.8838 70.0887
70.1745 70.0436
70.2846 69.9435
70.1322 69.9154
70.1547 69.9948
69.8148 70.0805
70.0416 70.0635
70.0289 69.9656
70.0712 69.912
70.3178 69.9709
69.619 70.0668
69.7276 70.0769
69.9622 69.9883
70.235 69.9151
69.9185 69.9512
69.8494 70.0499
69.7006 70.084
70.356 70.0098
69.9377 69.9232
69.8201 69.9361
70.3245 70.0316
69.9364 70.0858
70.1139 70.0286
70.0969 69.9345
69.795 69.9258
69.7099 70.0137
69.5928 70.0834
70.0765 70.0441
69.9785 69.9474
70.0277 69.9198
69.753 69.9972
69.8685 70.078
70.1017 70.0562
69.7913 69.9607
69.5022 69.9172
70.1338 69.9827
70.0109 70.0708
70.1273 70.0652
69.7591 69.9736
70.1749 69.9172
70.0956 69.9706
70.0952 70.0627
70.0154 70.0713
69.8082 69.9852
69.8048 69.9191
70.2205 69.9609
69.5154 70.0546
69.7239 70.0752
69.8794 69.9953
69.8249 69.922
70.071 69.9533
70.1601 70.0471
69.6485 70.0773
70.0169 70.0036
69.9414 69.9253
70.2755 69.9478
70.1608 70.0405
69.8301 70.0783
69.8657 70.0102
70.2528 69.9286
70.3076 69.9439
70.0507 70.0352
70.1105 70.0784
69.6207 70.015
70.3485 69.9315
70.0363 69.9415
70.1634 70.0312
69.8679 70.078
69.9492 70.0181
69.7622 69.9337
70.0273 69.9403
69.9321 70.0287
69.8521 70.0774
69.9909 70.0196
69.8202 69.9351
69.9663 69.9402
69.8186 70.0276
70.1953 70.0766
69.8388 70.0196
70.1425 69.9357
70.2361 69.9411
70.3232 70.028
70.17 70.0758
70.0348 70.0181
70.3808 69.9355
69.9913 69.9429
69.8419 70.0298
70.199 70.0748
69.9998 70.0152
70.1168 69.9345
70.2215 69.9458
70.0684 70.0329
69.9323 70.0736
70.1914 70.0108
70.2693 69.9331
70.1406 69.9498
70.064 70.0372
70.0379 70.0718
70.0757 70.0049
70.0356 69.9314
70.113 69.9552
70.1787 70.0424
70.0115 70.0692
70.179 69.9977
69.8955 69.9297
69.754 69.962
69.8682 70.0483
69.5238 70.0654
69.506 69.9891
69.8616 69.9287
69.9995 69.9705
70.256 70.0544
70.1357 70.06
70.0133 69.9795
69.6484 69.9287
69.7605 69.9806
69.7393 70.0602
70.2227 70.0527
70.184 69.9692
70.1029 69.9305
70.408 69.9924
69.898 70.0651
70.0527 70.0432
70.1736 69.9587
69.7254 69.9345
70.2132 70.0057
70.0078 70.0683
69.9325 70.0312
69.8986 69.9487
69.6083 69.9415
69.8864 70.0197
69.8545 70.0689
69.9299 70.0169
70.2692 69.9404
69.6343 69.9516
69.9612 70.034
69.9252 70.066
69.7186 70.0007
69.904 69.9346
69.8004 69.9653
69.8617 70.0471
69.9613 70.059
70.2004 69.9835
70.0568 69.9328
70.3708 69.982
70.0207 70.0578
69.6372 70.0473
69.9699 69.9665
69.9273 69.9359
70.0417 70.0011
70.0724 70.0644
69.9067 70.0312
70.3164 69.9514
69.9949 69.9447
70.3161 70.021
70.047 70.0655
69.9745 70.0114
69.9545 69.9404
70.2145 69.9594
70.2665 70.0396
70.0471 70.0597
70.0392 69.9895
69.5722 69.9355
70.0463 69.9793
69.5906 70.0543
69.8771 70.0466
70.2955 69.9681
69.9814 69.9384
69.699 70.0026
70.3464 70.0626
70.1965 70.0269
69.9245 69.9503
70.5079 69.9499
70.0361 70.0262
70.1192 70.062
70.5939 70.0026
70.0208 69.9394
69.9045 69.9696
69.7803 70.0464
69.7367 70.0515
69.8661 69.9771
69.7465 69.9383
69.8425 69.9949
69.2484 70.0592
69.7579 70.0315
69.8202 69.9552
70.3719 69.9486
70.3519 70.0219
70.0809 70.0609
70.0789 70.005
70.327 69.9416
69.9676 69.9695
70.0088 70.045
69.7809 70.0498
69.7903 69.9767
70.041 69.9403
70.1095 69.9976
69.712 70.0584
69.7869 70.0272
69.8476 69.9533
70.007 69.9532
70.0109 70.0268
70.0914 70.0579
70.2953 69.9974
69.8996 69.9413
70.2087 69.9783
70.2811 70.0495
70.3446 70.042
69.814 69.9678
69.8437 69.9451
69.9504 70.0098
70.2516 70.0587
69.7895 70.0139
69.9191 69.9471
69.879 69.9651
69.7679 70.0388
69.7466 70.0501
69.5566 69.9811
69.9465 69.9426
69.8274 69.9964
69.8895 70.0557
69.7413 70.0252
69.9812 69.9542
70.0346 69.9573
70.1256 70.0293
70.2806 70.0537
69.814 69.9912
70.0595 69.9432
69.8081 69.9874
69.9411 70.0519
69.9307 70.0319
70.1657 69.9602
70.1165 69.9535
69.664 70.0226
70.2033 70.0546
70.3892 69.9974
70.3108 69.9447
70.1704 69.9826
70.1972 70.0489
69.9976 70.0348
69.8656 69.9637
70.1315 69.9525
70.5484 70.0194
69.8881 70.0541
69.9808 69.9996
70.0583 69.9459
69.8122 69.9817
69.9786 70.0476
69.3233 70.0345
69.8591 69.9644
70.1404 69.9535
69.4124 70.0198
69.8252 70.0529
69.9216 69.998
70.1378 69.9466
70.1047 69.9843
69.9049 70.048
69.6215 70.0314
70.1347 69.9624
70.0074 69.9565
70.1057 70.0235
70.26 70.0508
69.8108 69.9929
70.1764 69.9471
70.0637 69.9904
69.7448 70.0497
69.984 70.0251
69.9056 69.9583
69.9111 69.9621
70.0859 70.0299
70.4097 70.0469
70.4003 69.9845
70.0738 69.9486
70.3861 70
70.0129 70.0512
70.4135 70.0152
70.3438 69.9535
69.8819 69.9712
69.7831 70.0379
70.0012 70.0397
69.6701 69.9738
70.2995 69.9529
69.5633 70.0127
70.2087 70.0505
69.8839 70.0016
70.2132 69.9501
70.3377 69.9845
69.9333 70.0454
70.1138 70.028
70.0411 69.9624
69.9582 69.9619
70.094 70.0271
70.1067 70.0452
69.4487 69.985
69.5426 69.951
70.3857 70.002
69.9566 70.0493
69.8949 70.0108
70.1237 69.9537
69.9491 69.9773
69.9578 70.0404
70.0178 70.0328
69.9748 69.968
70.1016 69.9593
69.8359 70.0217
69.8829 70.0459
69.7951 69.9896
69.7219 69.9518
70.3344 69.9987
70.2296 70.0477
69.9866 70.0126
69.8471 69.9554
70.1891 69.977
70.0376 70.039
70.0743 70.0319
70.2537 69.9684
69.9678 69.961
70.3161 70.0226
70.1429 70.0439
69.6293 69.9872
69.9342 69.9534
70.2061 70.0025
69.758 70.0469
69.8197 70.0076
69.8167 69.9549
69.977 69.9829
69.8584 70.0414
70.1979 70.0257
69.8216 69.9641
69.9315 69.9671
70.2438 70.029
69.7626 70.0387
70.0081 69.9788
70.1812 69.9573
70.0606 70.0127
70.5693 70.045
70.1055 69.996
69.7594 69.9544
69.9857 69.9953
70.1664 70.0446
69.8425 70.013
70.1149 69.958
70.1314 69.9794
69.9011 70.0381
70.0781 70.0274
69.9233 69.9669
69.8301 69.9669
69.8297 70.0272
70.1763 70.0376
70.078 69.9793
69.934 69.959
69.7762 70.0137
69.86 70.0431
69.9206 69.9933
70.0374 69.956
69.802 69.9996
69.8472 70.0437
70.1759 70.0073
70.5357 69.9576
70.0394 69.9863
70.0411 70.0402
70.2101 70.0197
70.0668 69.9629
70.3383 69.9749
69.9952 70.0334
69.8822 70.0297
69.7384 69.971
70.3708 69.9663
69.7528 70.0243
69.9174 70.0368
69.6951 69.9807
70.0508 69.9608
69.7299 70.0141
70.1947 70.0409
69.6657 69.9912
69.9342 69.9582
70.1271 70.0036
69.9343 70.0421
70.055 70.0014
70.2114 69.9582
69.8048 69.9937
70.083 70.0409
70.1993 70.0109
70.1316 69.9605
70.1672 69.9848
70.1214 70.0377
69.7778 70.0191
69.6737 69.9644
69.7969 69.9773
70.1596 70.0332
70.2139 70.0258
70.2868 69.9695
69.8844 69.9713
70.2493 70.0277
70.2511 70.0311
69.9983 69.9752
70.286 69.9669
69.8623 70.0218
69.7201 70.0349
70.0573 69.9811
69.8916 69.9637
70.0215 70.0159
69.8677 70.0374
70.0248 69.987
70.34 69.9618
69.9581 70.0102
69.435 70.0387
70.1059 69.9925
70.0869 69.9609
69.9211 70.0049
70.289 70.0393
70.0981 69.9975
70.025 69.9608
69.6504 70.0002
69.8927 70.0391
69.6598 70.002
69.8758 69.9612
70.0015 69.996
69.7349 70.0385
70.0435 70.0058
69.7194 69.9619
70.0141 69.9926
70.1614 70.0376
69.9978 70.0089
70.0053 69.9629
70.29 69.9898
70.0058 70.0366
69.8841 70.0114
70.0269 69.9639
69.59 69.9875
70.0199 70.0356
70.1177 70.0133
70.0242 69.9649
69.8401 69.9859
69.928 70.0347
69.8973 70.0147
69.8046 69.9657
69.9546 69.9848
70.1124 70.034
70.3636 70.0155
70.3622 69.9663
70.1473 69.9843
70.0587 70.0334
70.0927 70.0158
69.8329 69.9667
70.2768 69.9842
69.898 70.0331
70.1462 70.0157
70.0397 69.9669
70.0286 69.9846
69.8098 70.0331
70.2204 70.015
69.8257 69.9669
70.1956 69.9855
69.9115 70.0332
70.0297 70.0139
70.0853 69.9667
70.0398 69.9868
70.0024 70.0335
69.7385 70.0123
70.054 69.9664
70.0835 69.9886
70.115 70.0338
69.9056 70.0103
70.0705 69.966
70.2491 69.991
69.8697 70.0342
69.8569 70.0077
70.2466 69.9656
70.1535 69.9938
70.0524 70.0345
70.1425 70.0046
69.7073 69.9654
70.096 69.9971
69.7256 70.0346
69.7326 70.0011
70.1513 69.9655
69.9273 70.0009
69.9411 70.0344
69.9831 69.9971
69.9248 69.966
69.7531 70.0051
70.2286 70.0336
69.9655 69.9927
70.3078 69.9671
70.0656 70.0096
69.8626 70.0321
70.0198 69.988
69.9257 69.9689
70.0141 70.0143
70.201 70.0298
70.0406 69.9833
69.9742 69.9717
70.1593 70.0191
70.0829 70.0265
69.9663 69.9787
70.4276 69.9755
69.8725 70.0235
69.8217 70.0221
69.7668 69.9745
69.8829 69.9804
69.9431 70.0274
69.7731 70.0167
69.8829 69.971
70.0439 69.9864
69.6722 70.0303
69.7337 70.0102
70.0606 69.9687
70.027 69.9933
70.1532 70.032
70.1544 70.0029
70.0893 69.9678
70.2311 70.0009
69.7059 70.032
69.7687 69.9951
70.0851 69.9688
69.8396 70.0088
70.3535 70.03
69.98 69.9873
69.9362 69.9719
70.2022 70.0164
69.6584 70.0258
70.0181 69.9801
69.6685 69.9771
69.8026 70.0231
69.9296 70.0195
70.1302 69.9742
70.3809 69.9844
70.2845 70.028
70.0013 70.0113
69.9099 69.9703
70.0211 69.9933
69.7669 70.0306
70.0658 70.0019
70.2087 69.9692
70.2919 70.0031
70.1549 70.0301
70.1975 69.9919
70.2905 69.9713
70.1591 70.0129
70.0305 70.0263
70.0748 69.9826
69.9648 69.9768
69.9471 70.0214
69.9304 70.0193
69.6841 69.9752
69.8734 69.9853
69.8537 70.0274
70.2519 70.0096
69.9651 69.9709
69.7213 69.9959
69.9196 70.0297
69.8534 69.9983
69.729 69.9707
69.9387 70.0074
70.0212 70.0277
70.2255 69.9871
70.2128 69.9751
70.1379 70.018
69.9683 70.0212
69.8236 69.9777
69.5128 69.9836
69.7937 70.0257
69.5802 70.0109
69.9325 69.9721
69.9696 69.9952
70.2921 70.0288
70.0655 69.9984
70.0178 69.9717
69.8864 70.0079
69.9192 70.0264
69.8498 69.9861
69.9462 69.9768
70.2705 70.0192
69.8464 70.0186
70.2042 69.9765
70.0887 69.987
70.179 70.0265
69.9797 70.0065
70.5308 69.9721
69.7932 70.0003
70.3361 70.0277
70.0571 69.9928
69.9001 69.9742
69.6108 70.0137
70.1182 70.0223
69.6356 69.9807
69.645 69.9828
70.1223 70.0237
70.311 70.011
70.2548 69.9735
69.8665 69.996
69.9974 70.0274
69.7319 69.9966
70.0002 69.9736
69.9275 70.0106
70.2177 70.0234
69.724 69.9831
70.1167 69.9814
69.6696 70.0221
69.7833 70.0123
70.3381 69.9746
69.8156 69.995
69.9262 70.0268
